5,1587,4,0,1
5,1596,4,0,1
5,1602,4,0,1
5,1613,4,0,1
5,1616,4,0,1
5,1634,4,0,1
5,1643,4,0,1
5,1674,4,0,1
5,1681,4,0,1
5,1682,4,0,1
9,1670,8,0,1
11,1670,10,0,1
16,1584,15,0,1
16,1585,15,0,1
16,1586,15,0,1
16,1590,15,0,1
16,1591,15,0,1
16,1592,15,0,1
16,1594,15,0,1
16,1595,15,0,1
16,1597,15,0,1
16,1598,15,0,1
16,1599,15,0,1
16,1600,15,0,1
16,1601,15,0,1
16,1603,15,0,1
16,1605,15,0,1
16,1606,15,0,1
16,1607,15,0,1
16,1609,15,0,1
16,1610,15,0,1
16,1612,15,0,1
16,1614,15,0,1
16,1615,15,0,1
16,1617,15,0,1
16,1618,15,0,1
16,1619,15,0,1
16,1620,15,0,1
16,1622,15,0,1
16,1624,15,0,1
16,1625,15,0,1
16,1626,15,0,1
16,1627,15,0,1
16,1628,15,0,1
16,1629,15,0,1
16,1630,15,0,1
16,1631,15,0,1
16,1632,15,0,1
16,1633,15,0,1
16,1635,15,0,1
16,1636,15,0,1
16,1637,15,0,1
16,1638,15,0,1
16,1639,15,0,1
16,1647,15,0,1
16,1649,15,0,1
16,1650,15,0,1
16,1651,15,0,1
16,1652,15,0,1
16,1653,15,0,1
16,1655,15,0,1
16,1656,15,0,1
16,1657,15,0,1
16,1659,15,0,1
16,1661,15,0,1
16,1662,15,0,1
16,1664,15,0,1
16,1665,15,0,1
16,1666,15,0,1
16,1668,15,0,1
16,1669,15,0,1
16,1670,15,0,1
16,1671,15,0,1
16,1673,15,0,1
16,1675,15,0,1
16,1677,15,0,1
16,1679,15,0,1
16,1680,15,0,1
16,1683,15,0,1
19,1654,20,1,0
20,1589,21,1,0
22,1587,44,2,0
22,1602,44,2,0
22,1613,44,2,0
22,1643,44,2,0
22,1674,44,2,0
23,1596,45,3,0
23,1634,45,3,0
26,1605,48,3,0
31,1670,30,1,2
33,1670,32,1,2
37,1593,15,0,2
37,1648,15,0,2
37,1658,15,0,2
37,1672,15,0,2
49,1587,48,1,2
49,1589,48,1,2
49,1593,48,1,2
49,1596,48,1,2
49,1602,48,1,2
49,1604,48,1,2
49,1613,48,1,2
49,1616,48,1,2
49,1621,48,1,2
49,1634,48,1,2
49,1638,48,1,2
49,1640,48,1,2
49,1643,48,1,2
49,1644,48,1,2
49,1646,48,1,2
49,1648,48,1,2
49,1654,48,1,2
49,1658,48,1,2
49,1660,48,1,2
49,1667,48,1,2
49,1672,48,1,2
49,1674,48,1,2
49,1676,48,1,2
49,1678,48,1,2
49,1681,48,1,2
49,1682,48,1,2
53,1670,52,1,2
55,1670,54,1,2
60,1584,59,1,2
60,1585,59,1,2
60,1586,59,1,2
60,1590,59,1,2
60,1591,59,1,2
60,1592,59,1,2
60,1594,59,1,2
60,1597,59,1,2
60,1599,59,1,2
60,1601,59,1,2
60,1603,59,1,2
60,1606,59,1,2
60,1607,59,1,2
60,1609,59,1,2
60,1610,59,1,2
60,1615,59,1,2
60,1617,59,1,2
60,1618,59,1,2
60,1619,59,1,2
60,1622,59,1,2
60,1624,59,1,2
60,1625,59,1,2
60,1626,59,1,2
60,1627,59,1,2
60,1629,59,1,2
60,1630,59,1,2
60,1631,59,1,2
60,1632,59,1,2
60,1635,59,1,2
60,1636,59,1,2
60,1637,59,1,2
60,1639,59,1,2
60,1647,59,1,2
60,1649,59,1,2
60,1650,59,1,2
60,1651,59,1,2
60,1652,59,1,2
60,1655,59,1,2
60,1656,59,1,2
60,1657,59,1,2
60,1661,59,1,2
60,1662,59,1,2
60,1663,59,1,2
60,1665,59,1,2
60,1666,59,1,2
60,1668,59,1,2
60,1669,59,1,2
60,1670,59,1,2
60,1671,59,1,2
60,1673,59,1,2
60,1675,59,1,2
60,1677,59,1,2
60,1679,59,1,2
60,1680,59,1,2
60,1683,59,1,2
66,1587,88,2,0
66,1602,88,2,0
66,1613,88,2,0
66,1643,88,2,0
66,1674,88,2,0
67,1596,89,3,0
67,1618,89,3,0
67,1634,89,3,0
70,1595,92,3,0
70,1598,48,0,3
70,1612,48,0,3
70,1623,92,3,0
70,1633,48,0,3
70,1647,92,3,0
75,1670,74,1,2
77,1670,76,1,2
81,1641,59,0,3
81,1681,82,2,1
82,1681,83,2,1
83,1681,84,2,1
84,1681,85,2,1
85,1681,86,2,1
86,1681,87,2,1
87,1681,1681,4,0
93,1587,92,1,2
93,1589,92,1,2
93,1593,92,1,2
93,1596,92,1,2
93,1600,92,1,2
93,1602,92,1,2
93,1604,92,1,2
93,1613,92,1,2
93,1621,92,1,2
93,1634,92,1,2
93,1638,92,1,2
93,1640,92,1,2
93,1641,92,1,2
93,1643,92,1,2
93,1644,92,1,2
93,1646,92,1,2
93,1648,92,1,2
93,1653,92,1,2
93,1654,92,1,2
93,1658,92,1,2
93,1659,92,1,2
93,1660,92,1,2
93,1667,92,1,2
93,1672,92,1,2
93,1674,92,1,2
93,1676,92,1,2
93,1678,92,1,2
93,1682,92,1,2
97,1670,96,1,2
99,1670,98,1,2
103,1681,81,0,3
104,1584,103,1,2
104,1586,103,1,2
104,1588,103,1,2
104,1590,103,1,2
104,1591,103,1,2
104,1592,103,1,2
104,1598,103,1,2
104,1599,103,1,2
104,1601,103,1,2
104,1603,103,1,2
104,1606,103,1,2
104,1607,103,1,2
104,1609,103,1,2
104,1612,103,1,2
104,1615,103,1,2
104,1617,103,1,2
104,1618,103,1,2
104,1619,103,1,2
104,1624,103,1,2
104,1625,103,1,2
104,1626,103,1,2
104,1627,103,1,2
104,1629,103,1,2
104,1630,103,1,2
104,1631,103,1,2
104,1633,103,1,2
104,1635,103,1,2
104,1636,103,1,2
104,1637,103,1,2
104,1639,103,1,2
104,1642,103,1,2
104,1645,103,1,2
104,1649,103,1,2
104,1651,103,1,2
104,1652,103,1,2
104,1655,103,1,2
104,1656,103,1,2
104,1657,103,1,2
104,1661,103,1,2
104,1662,103,1,2
104,1663,103,1,2
104,1665,103,1,2
104,1668,103,1,2
104,1669,103,1,2
104,1670,103,1,2
104,1671,103,1,2
104,1675,103,1,2
104,1677,103,1,2
104,1679,103,1,2
104,1680,103,1,2
104,1681,82,0,3
104,1683,103,1,2
105,1681,83,0,3
106,1681,84,0,3
107,1681,85,0,3
108,1681,86,0,3
109,1681,87,0,3
110,1587,132,2,0
110,1602,132,2,0
110,1643,132,2,0
110,1674,132,2,0
111,1596,133,3,0
111,1618,133,3,0
111,1634,133,3,0
114,1595,92,0,3
114,1614,92,0,3
114,1623,92,0,3
114,1628,92,0,3
114,1645,92,0,3
119,1670,118,1,2
121,1670,120,1,2
137,1587,136,1,2
137,1596,136,1,2
137,1600,136,1,2
137,1602,136,1,2
137,1634,136,1,2
137,1638,136,1,2
137,1643,136,1,2
137,1653,136,1,2
137,1659,136,1,2
137,1674,136,1,2
137,1682,136,1,2
141,1670,140,1,2
143,1670,142,1,2
148,1584,147,1,2
148,1586,147,1,2
148,1588,147,1,2
148,1590,147,1,2
148,1591,147,1,2
148,1592,147,1,2
148,1595,147,1,2
148,1597,147,1,2
148,1598,147,1,2
148,1599,147,1,2
148,1601,147,1,2
148,1603,147,1,2
148,1607,147,1,2
148,1609,147,1,2
148,1610,147,1,2
148,1612,147,1,2
148,1614,147,1,2
148,1615,147,1,2
148,1617,147,1,2
148,1618,147,1,2
148,1620,147,1,2
148,1622,147,1,2
148,1623,147,1,2
148,1624,147,1,2
148,1625,147,1,2
148,1626,147,1,2
148,1627,147,1,2
148,1628,147,1,2
148,1629,147,1,2
148,1631,147,1,2
148,1633,147,1,2
148,1635,147,1,2
148,1636,147,1,2
148,1637,147,1,2
148,1639,147,1,2
148,1642,147,1,2
148,1645,147,1,2
148,1649,147,1,2
148,1651,147,1,2
148,1652,147,1,2
148,1655,147,1,2
148,1656,147,1,2
148,1662,147,1,2
148,1663,147,1,2
148,1665,147,1,2
148,1668,147,1,2
148,1669,147,1,2
148,1670,147,1,2
148,1671,147,1,2
148,1675,147,1,2
148,1677,147,1,2
148,1679,147,1,2
148,1680,147,1,2
148,1683,147,1,2
154,1587,176,2,0
154,1602,176,2,0
154,1643,176,2,0
154,1674,176,2,0
155,1596,177,3,0
155,1618,177,3,0
155,1634,177,3,0
158,1625,180,3,0
158,1647,136,0,3
158,1664,136,0,3
163,1670,162,1,2
165,1670,164,1,2
169,1616,147,0,3
169,1638,191,3,0
181,1587,180,1,2
181,1589,180,1,2
181,1593,180,1,2
181,1596,180,1,2
181,1600,180,1,2
181,1602,180,1,2
181,1604,180,1,2
181,1606,180,1,2
181,1616,180,1,2
181,1621,180,1,2
181,1634,180,1,2
181,1640,180,1,2
181,1641,180,1,2
181,1643,180,1,2
181,1644,180,1,2
181,1646,180,1,2
181,1648,180,1,2
181,1650,180,1,2
181,1653,180,1,2
181,1654,180,1,2
181,1658,180,1,2
181,1659,180,1,2
181,1660,180,1,2
181,1667,180,1,2
181,1672,180,1,2
181,1674,180,1,2
181,1676,180,1,2
181,1678,180,1,2
181,1681,180,1,2
181,1682,180,1,2
185,1670,184,1,2
187,1670,186,1,2
192,1584,191,1,2
192,1585,191,1,2
192,1586,191,1,2
192,1588,191,1,2
192,1590,191,1,2
192,1591,191,1,2
192,1595,191,1,2
192,1597,191,1,2
192,1599,191,1,2
192,1601,191,1,2
192,1603,191,1,2
192,1607,191,1,2
192,1609,191,1,2
192,1610,191,1,2
192,1612,191,1,2
192,1614,191,1,2
192,1615,191,1,2
192,1617,191,1,2
192,1620,191,1,2
192,1622,191,1,2
192,1623,191,1,2
192,1624,191,1,2
192,1626,191,1,2
192,1627,191,1,2
192,1628,191,1,2
192,1629,191,1,2
192,1631,191,1,2
192,1632,191,1,2
192,1633,191,1,2
192,1635,191,1,2
192,1636,191,1,2
192,1637,191,1,2
192,1639,191,1,2
192,1642,191,1,2
192,1645,191,1,2
192,1647,191,1,2
192,1649,191,1,2
192,1651,191,1,2
192,1652,191,1,2
192,1656,191,1,2
192,1661,191,1,2
192,1664,191,1,2
192,1665,191,1,2
192,1669,191,1,2
192,1670,191,1,2
192,1671,191,1,2
192,1675,191,1,2
192,1677,191,1,2
192,1679,191,1,2
192,1680,191,1,2
198,1587,220,2,0
198,1602,220,2,0
198,1643,220,2,0
198,1674,220,2,0
199,1596,221,3,0
199,1618,221,3,0
199,1634,221,3,0
200,1598,222,3,0
202,1594,180,0,3
202,1619,180,0,3
202,1624,224,3,0
202,1630,180,0,3
202,1666,180,0,3
202,1673,180,0,3
207,1670,206,1,2
209,1670,208,1,2
213,1613,191,0,3
225,1587,224,1,2
225,1589,224,1,2
225,1592,224,1,2
225,1593,224,1,2
225,1596,224,1,2
225,1598,224,1,2
225,1600,224,1,2
225,1602,224,1,2
225,1604,224,1,2
225,1606,224,1,2
225,1608,224,1,2
225,1611,224,1,2
225,1613,224,1,2
225,1616,224,1,2
225,1618,224,1,2
225,1621,224,1,2
225,1640,224,1,2
225,1641,224,1,2
225,1643,224,1,2
225,1644,224,1,2
225,1646,224,1,2
225,1648,224,1,2
225,1650,224,1,2
225,1654,224,1,2
225,1658,224,1,2
225,1659,224,1,2
225,1660,224,1,2
225,1662,224,1,2
225,1663,224,1,2
225,1667,224,1,2
225,1672,224,1,2
225,1674,224,1,2
225,1676,224,1,2
225,1678,224,1,2
225,1681,224,1,2
225,1682,224,1,2
229,1670,228,1,2
232,1670,254,3,0
233,1670,255,3,0
234,1670,256,3,0
235,1670,257,3,0
236,1584,235,1,2
236,1585,235,1,2
236,1586,235,1,2
236,1588,235,1,2
236,1590,235,1,2
236,1591,235,1,2
236,1594,235,1,2
236,1595,235,1,2
236,1597,235,1,2
236,1607,235,1,2
236,1610,235,1,2
236,1612,235,1,2
236,1614,235,1,2
236,1615,235,1,2
236,1617,235,1,2
236,1619,235,1,2
236,1620,235,1,2
236,1622,235,1,2
236,1623,235,1,2
236,1627,235,1,2
236,1628,235,1,2
236,1630,235,1,2
236,1632,235,1,2
236,1633,235,1,2
236,1635,235,1,2
236,1636,235,1,2
236,1637,235,1,2
236,1642,235,1,2
236,1645,235,1,2
236,1647,235,1,2
236,1649,235,1,2
236,1651,235,1,2
236,1652,235,1,2
236,1661,235,1,2
236,1664,235,1,2
236,1665,235,1,2
236,1666,235,1,2
236,1669,235,1,2
236,1671,235,1,2
236,1673,235,1,2
236,1677,235,1,2
242,1587,264,2,0
242,1602,264,2,0
242,1643,264,2,0
243,1596,265,3,0
243,1618,265,3,0
243,1634,265,3,0
246,1683,224,0,3
251,1670,250,1,2
254,1670,253,1,2
255,1670,254,1,2
256,1670,255,1,2
257,1611,235,0,3
257,1670,256,1,2
269,1587,268,1,2
269,1589,268,1,2
269,1592,268,1,2
269,1593,268,1,2
269,1598,268,1,2
269,1600,268,1,2
269,1602,268,1,2
269,1604,268,1,2
269,1606,268,1,2
269,1611,268,1,2
269,1613,268,1,2
269,1616,268,1,2
269,1618,268,1,2
269,1621,268,1,2
269,1638,268,1,2
269,1640,268,1,2
269,1641,268,1,2
269,1643,268,1,2
269,1644,268,1,2
269,1646,268,1,2
269,1648,268,1,2
269,1650,268,1,2
269,1654,268,1,2
269,1655,268,1,2
269,1656,268,1,2
269,1657,268,1,2
269,1658,268,1,2
269,1659,268,1,2
269,1660,268,1,2
269,1662,268,1,2
269,1663,268,1,2
269,1667,268,1,2
269,1672,268,1,2
269,1675,268,1,2
269,1676,268,1,2
269,1678,268,1,2
269,1680,268,1,2
269,1681,268,1,2
280,1584,279,1,2
280,1585,279,1,2
280,1588,279,1,2
280,1590,279,1,2
280,1591,279,1,2
280,1594,279,1,2
280,1595,279,1,2
280,1597,279,1,2
280,1607,279,1,2
280,1610,279,1,2
280,1612,279,1,2
280,1614,279,1,2
280,1615,279,1,2
280,1617,279,1,2
280,1619,279,1,2
280,1620,279,1,2
280,1622,279,1,2
280,1625,279,1,2
280,1628,279,1,2
280,1630,279,1,2
280,1632,279,1,2
280,1637,279,1,2
280,1642,279,1,2
280,1645,279,1,2
280,1647,279,1,2
280,1649,279,1,2
280,1652,279,1,2
280,1661,279,1,2
280,1664,279,1,2
280,1665,279,1,2
280,1666,279,1,2
280,1668,279,1,2
280,1669,279,1,2
280,1673,279,1,2
280,1683,279,1,2
286,1587,308,2,0
286,1602,308,2,0
286,1643,308,2,0
287,1596,309,3,0
287,1618,309,3,0
290,1601,268,0,3
290,1603,268,0,3
290,1609,268,0,3
290,1626,268,0,3
290,1629,268,0,3
290,1631,268,0,3
290,1679,268,0,3
301,1608,279,0,3
313,1589,312,1,2
313,1592,312,1,2
313,1593,312,1,2
313,1598,312,1,2
313,1600,312,1,2
313,1606,312,1,2
313,1608,312,1,2
313,1611,312,1,2
313,1613,312,1,2
313,1616,312,1,2
313,1618,312,1,2
313,1621,312,1,2
313,1623,312,1,2
313,1633,312,1,2
313,1636,312,1,2
313,1640,312,1,2
313,1641,312,1,2
313,1644,312,1,2
313,1646,312,1,2
313,1648,312,1,2
313,1650,312,1,2
313,1653,312,1,2
313,1654,312,1,2
313,1655,312,1,2
313,1656,312,1,2
313,1657,312,1,2
313,1658,312,1,2
313,1659,312,1,2
313,1660,312,1,2
313,1662,312,1,2
313,1663,312,1,2
313,1667,312,1,2
313,1672,312,1,2
313,1675,312,1,2
313,1676,312,1,2
313,1678,312,1,2
313,1680,312,1,2
313,1681,312,1,2
324,1584,323,1,2
324,1585,323,1,2
324,1588,323,1,2
324,1591,323,1,2
324,1594,323,1,2
324,1595,323,1,2
324,1597,323,1,2
324,1599,323,1,2
324,1601,323,1,2
324,1603,323,1,2
324,1609,323,1,2
324,1610,323,1,2
324,1612,323,1,2
324,1614,323,1,2
324,1615,323,1,2
324,1617,323,1,2
324,1619,323,1,2
324,1620,323,1,2
324,1622,323,1,2
324,1624,323,1,2
324,1625,323,1,2
324,1626,323,1,2
324,1628,323,1,2
324,1629,323,1,2
324,1630,323,1,2
324,1631,323,1,2
324,1632,323,1,2
324,1637,323,1,2
324,1642,323,1,2
324,1645,323,1,2
324,1647,323,1,2
324,1652,323,1,2
324,1661,323,1,2
324,1664,323,1,2
324,1665,323,1,2
324,1666,323,1,2
324,1668,323,1,2
324,1669,323,1,2
324,1673,323,1,2
324,1679,323,1,2
324,1683,323,1,2
331,1618,353,3,0
334,1639,312,0,3
334,1670,312,0,3
345,1634,323,0,3
345,1638,323,0,3
345,1653,323,0,3
357,1589,356,1,2
357,1592,356,1,2
357,1593,356,1,2
357,1600,356,1,2
357,1606,356,1,2
357,1608,356,1,2
357,1611,356,1,2
357,1613,356,1,2
357,1616,356,1,2
357,1618,356,1,2
357,1621,356,1,2
357,1623,356,1,2
357,1633,356,1,2
357,1634,356,1,2
357,1636,356,1,2
357,1638,356,1,2
357,1640,356,1,2
357,1641,356,1,2
357,1643,356,1,2
357,1644,356,1,2
357,1646,356,1,2
357,1648,356,1,2
357,1650,356,1,2
357,1653,356,1,2
357,1654,356,1,2
357,1655,356,1,2
357,1656,356,1,2
357,1657,356,1,2
357,1658,356,1,2
357,1659,356,1,2
357,1660,356,1,2
357,1662,356,1,2
357,1667,356,1,2
357,1672,356,1,2
357,1674,356,1,2
357,1675,356,1,2
357,1678,356,1,2
357,1680,356,1,2
357,1681,356,1,2
357,1682,356,1,2
368,1585,367,1,2
368,1586,367,1,2
368,1594,367,1,2
368,1597,367,1,2
368,1599,367,1,2
368,1601,367,1,2
368,1603,367,1,2
368,1604,367,1,2
368,1609,367,1,2
368,1610,367,1,2
368,1612,367,1,2
368,1614,367,1,2
368,1619,367,1,2
368,1620,367,1,2
368,1622,367,1,2
368,1624,367,1,2
368,1625,367,1,2
368,1626,367,1,2
368,1627,367,1,2
368,1629,367,1,2
368,1630,367,1,2
368,1631,367,1,2
368,1632,367,1,2
368,1635,367,1,2
368,1639,367,1,2
368,1647,367,1,2
368,1651,367,1,2
368,1661,367,1,2
368,1666,367,1,2
368,1668,367,1,2
368,1670,367,1,2
368,1673,367,1,2
368,1679,367,1,2
368,1683,367,1,2
374,1645,396,2,0
375,1618,397,3,0
378,1627,356,0,3
378,1665,356,0,3
378,1671,356,0,3
382,1584,360,0,3
386,1584,385,1,2
387,1584,365,0,3
388,1584,366,0,3
389,1584,367,0,3
389,1587,367,0,3
389,1596,367,0,3
389,1602,367,0,3
401,1587,400,1,2
401,1588,400,1,2
401,1592,400,1,2
401,1593,400,1,2
401,1595,400,1,2
401,1596,400,1,2
401,1602,400,1,2
401,1605,400,1,2
401,1606,400,1,2
401,1608,400,1,2
401,1611,400,1,2
401,1613,400,1,2
401,1616,400,1,2
401,1618,400,1,2
401,1621,400,1,2
401,1623,400,1,2
401,1628,400,1,2
401,1633,400,1,2
401,1634,400,1,2
401,1636,400,1,2
401,1638,400,1,2
401,1640,400,1,2
401,1641,400,1,2
401,1642,400,1,2
401,1643,400,1,2
401,1645,400,1,2
401,1646,400,1,2
401,1648,400,1,2
401,1650,400,1,2
401,1653,400,1,2
401,1654,400,1,2
401,1655,400,1,2
401,1656,400,1,2
401,1657,400,1,2
401,1658,400,1,2
401,1662,400,1,2
401,1664,400,1,2
401,1672,400,1,2
401,1674,400,1,2
401,1675,400,1,2
401,1678,400,1,2
401,1680,400,1,2
401,1681,400,1,2
401,1682,400,1,2
404,1584,382,0,3
408,1584,386,0,3
409,1584,387,0,3
410,1584,388,0,3
410,1591,409,1,2
411,1584,389,0,3
412,1586,411,1,2
412,1590,411,1,2
412,1591,411,1,2
412,1594,411,1,2
412,1597,411,1,2
412,1599,411,1,2
412,1601,411,1,2
412,1603,411,1,2
412,1604,411,1,2
412,1607,411,1,2
412,1609,411,1,2
412,1610,411,1,2
412,1617,411,1,2
412,1619,411,1,2
412,1624,411,1,2
412,1625,411,1,2
412,1626,411,1,2
412,1627,411,1,2
412,1629,411,1,2
412,1630,411,1,2
412,1631,411,1,2
412,1632,411,1,2
412,1635,411,1,2
412,1639,411,1,2
412,1647,411,1,2
412,1651,411,1,2
412,1661,411,1,2
412,1665,411,1,2
412,1666,411,1,2
412,1668,411,1,2
412,1670,411,1,2
412,1671,411,1,2
412,1673,411,1,2
412,1676,411,1,2
412,1677,411,1,2
412,1679,411,1,2
412,1683,411,1,2
419,1618,441,3,0
422,1649,400,0,3
426,1584,425,1,2
431,1584,430,1,2
432,1584,431,1,2
433,1584,432,1,2
444,1663,443,1,2
445,1585,444,1,2
445,1587,444,1,2
445,1588,444,1,2
445,1593,444,1,2
445,1595,444,1,2
445,1596,444,1,2
445,1602,444,1,2
445,1605,444,1,2
445,1606,444,1,2
445,1608,444,1,2
445,1611,444,1,2
445,1612,444,1,2
445,1613,444,1,2
445,1614,444,1,2
445,1616,444,1,2
445,1618,444,1,2
445,1620,444,1,2
445,1621,444,1,2
445,1622,444,1,2
445,1623,444,1,2
445,1628,444,1,2
445,1633,444,1,2
445,1634,444,1,2
445,1636,444,1,2
445,1638,444,1,2
445,1640,444,1,2
445,1641,444,1,2
445,1642,444,1,2
445,1643,444,1,2
445,1645,444,1,2
445,1648,444,1,2
445,1650,444,1,2
445,1653,444,1,2
445,1654,444,1,2
445,1655,444,1,2
445,1656,444,1,2
445,1657,444,1,2
445,1658,444,1,2
445,1659,444,1,2
445,1663,444,1,2
445,1664,444,1,2
445,1672,444,1,2
445,1674,444,1,2
445,1675,444,1,2
445,1678,444,1,2
445,1680,444,1,2
445,1681,444,1,2
445,1682,444,1,2
456,1586,455,1,2
456,1589,455,1,2
456,1590,455,1,2
456,1599,455,1,2
456,1601,455,1,2
456,1603,455,1,2
456,1604,455,1,2
456,1607,455,1,2
456,1609,455,1,2
456,1610,455,1,2
456,1615,455,1,2
456,1619,455,1,2
456,1624,455,1,2
456,1625,455,1,2
456,1626,455,1,2
456,1627,455,1,2
456,1629,455,1,2
456,1630,455,1,2
456,1631,455,1,2
456,1632,455,1,2
456,1635,455,1,2
456,1637,455,1,2
456,1639,455,1,2
456,1644,455,1,2
456,1647,455,1,2
456,1649,455,1,2
456,1651,455,1,2
456,1660,455,1,2
456,1661,455,1,2
456,1665,455,1,2
456,1667,455,1,2
456,1668,455,1,2
456,1669,455,1,2
456,1670,455,1,2
456,1671,455,1,2
456,1673,455,1,2
456,1676,455,1,2
456,1677,455,1,2
456,1679,455,1,2
456,1683,455,1,2
463,1618,485,3,0
466,1584,444,0,3
466,1591,444,0,3
466,1617,444,0,3
466,1637,444,0,3
477,1598,455,0,3
486,1670,487,2,1
489,1585,488,1,2
489,1587,488,1,2
489,1588,488,1,2
489,1592,488,1,2
489,1593,488,1,2
489,1594,488,1,2
489,1595,488,1,2
489,1596,488,1,2
489,1597,488,1,2
489,1598,488,1,2
489,1600,488,1,2
489,1602,488,1,2
489,1605,488,1,2
489,1606,488,1,2
489,1608,488,1,2
489,1611,488,1,2
489,1612,488,1,2
489,1614,488,1,2
489,1616,488,1,2
489,1618,488,1,2
489,1620,488,1,2
489,1622,488,1,2
489,1623,488,1,2
489,1628,488,1,2
489,1634,488,1,2
489,1636,488,1,2
489,1638,488,1,2
489,1642,488,1,2
489,1643,488,1,2
489,1645,488,1,2
489,1648,488,1,2
489,1650,488,1,2
489,1653,488,1,2
489,1655,488,1,2
489,1656,488,1,2
489,1657,488,1,2
489,1658,488,1,2
489,1659,488,1,2
489,1662,488,1,2
489,1664,488,1,2
489,1666,488,1,2
489,1672,488,1,2
489,1674,488,1,2
489,1675,488,1,2
489,1678,488,1,2
489,1680,488,1,2
489,1682,488,1,2
500,1584,499,1,2
500,1586,499,1,2
500,1589,499,1,2
500,1590,499,1,2
500,1591,499,1,2
500,1599,499,1,2
500,1601,499,1,2
500,1603,499,1,2
500,1604,499,1,2
500,1607,499,1,2
500,1609,499,1,2
500,1610,499,1,2
500,1615,499,1,2
500,1617,499,1,2
500,1624,499,1,2
500,1626,499,1,2
500,1627,499,1,2
500,1629,499,1,2
500,1630,499,1,2
500,1631,499,1,2
500,1635,499,1,2
500,1637,499,1,2
500,1639,499,1,2
500,1644,499,1,2
500,1646,499,1,2
500,1649,499,1,2
500,1651,499,1,2
500,1660,499,1,2
500,1665,499,1,2
500,1667,499,1,2
500,1668,499,1,2
500,1669,499,1,2
500,1670,499,1,2
500,1671,499,1,2
500,1673,499,1,2
500,1676,499,1,2
500,1677,499,1,2
500,1679,499,1,2
503,1662,504,2,1
507,1618,529,3,0
521,1663,499,0,3
533,1585,532,1,2
533,1587,532,1,2
533,1588,532,1,2
533,1592,532,1,2
533,1594,532,1,2
533,1595,532,1,2
533,1596,532,1,2
533,1597,532,1,2
533,1598,532,1,2
533,1600,532,1,2
533,1602,532,1,2
533,1605,532,1,2
533,1608,532,1,2
533,1611,532,1,2
533,1612,532,1,2
533,1614,532,1,2
533,1618,532,1,2
533,1619,532,1,2
533,1620,532,1,2
533,1622,532,1,2
533,1625,532,1,2
533,1628,532,1,2
533,1632,532,1,2
533,1636,532,1,2
533,1638,532,1,2
533,1642,532,1,2
533,1643,532,1,2
533,1645,532,1,2
533,1647,532,1,2
533,1653,532,1,2
533,1656,532,1,2
533,1657,532,1,2
533,1659,532,1,2
533,1661,532,1,2
533,1662,532,1,2
533,1663,532,1,2
533,1664,532,1,2
533,1666,532,1,2
533,1674,532,1,2
533,1680,532,1,2
533,1682,532,1,2
533,1683,532,1,2
537,1643,559,3,0
539,1643,561,3,0
544,1584,543,1,2
544,1586,543,1,2
544,1589,543,1,2
544,1590,543,1,2
544,1591,543,1,2
544,1601,543,1,2
544,1604,543,1,2
544,1607,543,1,2
544,1613,543,1,2
544,1615,543,1,2
544,1617,543,1,2
544,1621,543,1,2
544,1627,543,1,2
544,1635,543,1,2
544,1637,543,1,2
544,1640,543,1,2
544,1641,543,1,2
544,1644,543,1,2
544,1646,543,1,2
544,1649,543,1,2
544,1651,543,1,2
544,1652,543,1,2
544,1654,543,1,2
544,1660,543,1,2
544,1665,543,1,2
544,1667,543,1,2
544,1668,543,1,2
544,1669,543,1,2
544,1670,543,1,2
544,1671,543,1,2
544,1673,543,1,2
544,1676,543,1,2
544,1677,543,1,2
544,1679,543,1,2
544,1681,543,1,2
547,1592,548,2,1
547,1633,548,2,1
547,1662,548,2,1
551,1618,573,3,0
569,1646,570,2,1
577,1585,576,1,2
577,1587,576,1,2
577,1588,576,1,2
577,1592,576,1,2
577,1594,576,1,2
577,1595,576,1,2
577,1597,576,1,2
577,1598,576,1,2
577,1599,576,1,2
577,1600,576,1,2
577,1602,576,1,2
577,1603,576,1,2
577,1605,576,1,2
577,1606,576,1,2
577,1608,576,1,2
577,1609,576,1,2
577,1610,576,1,2
577,1611,576,1,2
577,1612,576,1,2
577,1614,576,1,2
577,1618,576,1,2
577,1619,576,1,2
577,1620,576,1,2
577,1622,576,1,2
577,1624,576,1,2
577,1625,576,1,2
577,1626,576,1,2
577,1628,576,1,2
577,1629,576,1,2
577,1630,576,1,2
577,1631,576,1,2
577,1632,576,1,2
577,1633,576,1,2
577,1638,576,1,2
577,1639,576,1,2
577,1642,576,1,2
577,1643,576,1,2
577,1645,576,1,2
577,1647,576,1,2
577,1650,576,1,2
577,1653,576,1,2
577,1656,576,1,2
577,1657,576,1,2
577,1659,576,1,2
577,1661,576,1,2
577,1662,576,1,2
577,1663,576,1,2
577,1666,576,1,2
577,1674,576,1,2
577,1680,576,1,2
577,1682,576,1,2
577,1683,576,1,2
588,1584,587,1,2
588,1589,587,1,2
588,1591,587,1,2
588,1593,587,1,2
588,1604,587,1,2
588,1613,587,1,2
588,1615,587,1,2
588,1616,587,1,2
588,1617,587,1,2
588,1621,587,1,2
588,1634,587,1,2
588,1640,587,1,2
588,1641,587,1,2
588,1644,587,1,2
588,1646,587,1,2
588,1648,587,1,2
588,1649,587,1,2
588,1654,587,1,2
588,1658,587,1,2
588,1660,587,1,2
588,1667,587,1,2
588,1668,587,1,2
588,1672,587,1,2
588,1673,587,1,2
588,1676,587,1,2
588,1678,587,1,2
588,1681,587,1,2
591,1623,592,2,1
591,1633,592,2,1
592,1675,593,2,1
595,1618,617,3,0
595,1668,617,3,0
609,1636,587,0,3
609,1650,587,0,3
609,1655,587,0,3
621,1585,620,1,2
621,1586,620,1,2
621,1588,620,1,2
621,1590,620,1,2
621,1592,620,1,2
621,1594,620,1,2
621,1595,620,1,2
621,1597,620,1,2
621,1598,620,1,2
621,1599,620,1,2
621,1600,620,1,2
621,1601,620,1,2
621,1602,620,1,2
621,1603,620,1,2
621,1605,620,1,2
621,1606,620,1,2
621,1607,620,1,2
621,1608,620,1,2
621,1609,620,1,2
621,1610,620,1,2
621,1611,620,1,2
621,1612,620,1,2
621,1614,620,1,2
621,1618,620,1,2
621,1619,620,1,2
621,1620,620,1,2
621,1623,620,1,2
621,1624,620,1,2
621,1625,620,1,2
621,1626,620,1,2
621,1627,620,1,2
621,1628,620,1,2
621,1629,620,1,2
621,1630,620,1,2
621,1631,620,1,2
621,1632,620,1,2
621,1633,620,1,2
621,1635,620,1,2
621,1636,620,1,2
621,1637,620,1,2
621,1638,620,1,2
621,1639,620,1,2
621,1642,620,1,2
621,1643,620,1,2
621,1645,620,1,2
621,1647,620,1,2
621,1650,620,1,2
621,1651,620,1,2
621,1653,620,1,2
621,1655,620,1,2
621,1657,620,1,2
621,1659,620,1,2
621,1661,620,1,2
621,1662,620,1,2
621,1663,620,1,2
621,1665,620,1,2
621,1666,620,1,2
621,1669,620,1,2
621,1670,620,1,2
621,1671,620,1,2
621,1675,620,1,2
621,1677,620,1,2
621,1679,620,1,2
621,1682,620,1,2
621,1683,620,1,2
632,1584,631,1,2
632,1589,631,1,2
632,1591,631,1,2
632,1593,631,1,2
632,1596,631,1,2
632,1604,631,1,2
632,1613,631,1,2
632,1616,631,1,2
632,1617,631,1,2
632,1621,631,1,2
632,1634,631,1,2
632,1640,631,1,2
632,1641,631,1,2
632,1644,631,1,2
632,1646,631,1,2
632,1648,631,1,2
632,1654,631,1,2
632,1658,631,1,2
632,1660,631,1,2
632,1667,631,1,2
632,1668,631,1,2
632,1672,631,1,2
632,1673,631,1,2
632,1676,631,1,2
632,1678,631,1,2
632,1681,631,1,2
639,1668,661,3,0
653,1680,631,0,3
665,1586,664,1,2
665,1590,664,1,2
665,1592,664,1,2
665,1594,664,1,2
665,1597,664,1,2
665,1598,664,1,2
665,1599,664,1,2
665,1600,664,1,2
665,1601,664,1,2
665,1603,664,1,2
665,1605,664,1,2
665,1606,664,1,2
665,1607,664,1,2
665,1608,664,1,2
665,1609,664,1,2
665,1610,664,1,2
665,1611,664,1,2
665,1612,664,1,2
665,1614,664,1,2
665,1615,664,1,2
665,1619,664,1,2
665,1620,664,1,2
665,1623,664,1,2
665,1624,664,1,2
665,1625,664,1,2
665,1626,664,1,2
665,1627,664,1,2
665,1629,664,1,2
665,1630,664,1,2
665,1631,664,1,2
665,1632,664,1,2
665,1633,664,1,2
665,1635,664,1,2
665,1636,664,1,2
665,1637,664,1,2
665,1638,664,1,2
665,1639,664,1,2
665,1647,664,1,2
665,1649,664,1,2
665,1650,664,1,2
665,1651,664,1,2
665,1653,664,1,2
665,1655,664,1,2
665,1657,664,1,2
665,1659,664,1,2
665,1661,664,1,2
665,1662,664,1,2
665,1663,664,1,2
665,1664,664,1,2
665,1665,664,1,2
665,1666,664,1,2
665,1669,664,1,2
665,1670,664,1,2
665,1671,664,1,2
665,1675,664,1,2
665,1677,664,1,2
665,1679,664,1,2
665,1680,664,1,2
665,1683,664,1,2
676,1587,675,1,2
676,1589,675,1,2
676,1593,675,1,2
676,1596,675,1,2
676,1604,675,1,2
676,1613,675,1,2
676,1616,675,1,2
676,1621,675,1,2
676,1634,675,1,2
676,1640,675,1,2
676,1641,675,1,2
676,1644,675,1,2
676,1646,675,1,2
676,1648,675,1,2
676,1654,675,1,2
676,1658,675,1,2
676,1660,675,1,2
676,1667,675,1,2
676,1668,675,1,2
676,1672,675,1,2
676,1673,675,1,2
676,1674,675,1,2
676,1676,675,1,2
676,1678,675,1,2
676,1681,675,1,2
679,1585,680,2,1
679,1622,680,2,1
679,1664,680,2,1
683,1668,705,3,0
697,1595,675,0,3
709,1584,708,1,2
709,1586,708,1,2
709,1590,708,1,2
709,1591,708,1,2
709,1592,708,1,2
709,1594,708,1,2
709,1595,708,1,2
709,1597,708,1,2
709,1598,708,1,2
709,1599,708,1,2
709,1600,708,1,2
709,1601,708,1,2
709,1603,708,1,2
709,1605,708,1,2
709,1606,708,1,2
709,1607,708,1,2
709,1608,708,1,2
709,1609,708,1,2
709,1610,708,1,2
709,1611,708,1,2
709,1612,708,1,2
709,1614,708,1,2
709,1615,708,1,2
709,1617,708,1,2
709,1619,708,1,2
709,1622,708,1,2
709,1623,708,1,2
709,1624,708,1,2
709,1625,708,1,2
709,1626,708,1,2
709,1627,708,1,2
709,1629,708,1,2
709,1630,708,1,2
709,1631,708,1,2
709,1632,708,1,2
709,1633,708,1,2
709,1635,708,1,2
709,1636,708,1,2
709,1637,708,1,2
709,1638,708,1,2
709,1639,708,1,2
709,1647,708,1,2
709,1649,708,1,2
709,1650,708,1,2
709,1651,708,1,2
709,1653,708,1,2
709,1655,708,1,2
709,1656,708,1,2
709,1657,708,1,2
709,1659,708,1,2
709,1661,708,1,2
709,1662,708,1,2
709,1663,708,1,2
709,1664,708,1,2
709,1665,708,1,2
709,1666,708,1,2
709,1669,708,1,2
709,1670,708,1,2
709,1671,708,1,2
709,1675,708,1,2
709,1677,708,1,2
709,1679,708,1,2
709,1680,708,1,2
709,1683,708,1,2
720,1587,719,1,2
720,1589,719,1,2
720,1593,719,1,2
720,1596,719,1,2
720,1602,719,1,2
720,1604,719,1,2
720,1613,719,1,2
720,1616,719,1,2
720,1621,719,1,2
720,1634,719,1,2
720,1640,719,1,2
720,1641,719,1,2
720,1643,719,1,2
720,1644,719,1,2
720,1646,719,1,2
720,1648,719,1,2
720,1654,719,1,2
720,1658,719,1,2
720,1660,719,1,2
720,1667,719,1,2
720,1672,719,1,2
720,1674,719,1,2
720,1676,719,1,2
720,1678,719,1,2
720,1681,719,1,2
720,1682,719,1,2
723,1622,724,2,1
724,1588,725,2,1
724,1642,725,2,1
724,1645,725,2,1
727,1668,749,3,0
741,1585,719,0,3
741,1618,719,0,3
753,1584,752,1,2
753,1585,752,1,2
753,1586,752,1,2
753,1588,752,1,2
753,1591,752,1,2
753,1592,752,1,2
753,1595,752,1,2
753,1598,752,1,2
753,1600,752,1,2
753,1601,752,1,2
753,1603,752,1,2
753,1605,752,1,2
753,1606,752,1,2
753,1608,752,1,2
753,1609,752,1,2
753,1610,752,1,2
753,1611,752,1,2
753,1615,752,1,2
753,1617,752,1,2
753,1618,752,1,2
753,1619,752,1,2
753,1620,752,1,2
753,1622,752,1,2
753,1623,752,1,2
753,1624,752,1,2
753,1626,752,1,2
753,1627,752,1,2
753,1628,752,1,2
753,1629,752,1,2
753,1630,752,1,2
753,1631,752,1,2
753,1632,752,1,2
753,1633,752,1,2
753,1635,752,1,2
753,1636,752,1,2
753,1638,752,1,2
753,1642,752,1,2
753,1645,752,1,2
753,1647,752,1,2
753,1649,752,1,2
753,1650,752,1,2
753,1651,752,1,2
753,1652,752,1,2
753,1653,752,1,2
753,1655,752,1,2
753,1656,752,1,2
753,1657,752,1,2
753,1659,752,1,2
753,1661,752,1,2
753,1662,752,1,2
753,1663,752,1,2
753,1664,752,1,2
753,1665,752,1,2
753,1668,752,1,2
753,1670,752,1,2
753,1671,752,1,2
753,1673,752,1,2
753,1675,752,1,2
753,1679,752,1,2
753,1680,752,1,2
753,1683,752,1,2
764,1587,763,1,2
764,1589,763,1,2
764,1593,763,1,2
764,1596,763,1,2
764,1602,763,1,2
764,1604,763,1,2
764,1613,763,1,2
764,1616,763,1,2
764,1621,763,1,2
764,1640,763,1,2
764,1641,763,1,2
764,1643,763,1,2
764,1644,763,1,2
764,1646,763,1,2
764,1648,763,1,2
764,1654,763,1,2
764,1658,763,1,2
764,1660,763,1,2
764,1667,763,1,2
764,1672,763,1,2
764,1674,763,1,2
764,1676,763,1,2
764,1678,763,1,2
764,1681,763,1,2
764,1682,763,1,2
768,1588,769,2,1
768,1628,769,2,1
768,1642,769,2,1
768,1643,767,1,2
768,1645,769,2,1
771,1597,749,0,3
771,1668,793,3,0
772,1597,750,0,3
773,1597,751,0,3
774,1597,752,0,3
785,1612,763,0,3
785,1627,807,3,0
793,1597,771,0,3
794,1597,772,0,3
795,1597,773,0,3
796,1597,774,0,3
797,1584,796,1,2
797,1586,796,1,2
797,1591,796,1,2
797,1601,796,1,2
797,1603,796,1,2
797,1609,796,1,2
797,1610,796,1,2
797,1617,796,1,2
797,1619,796,1,2
797,1626,796,1,2
797,1629,796,1,2
797,1630,796,1,2
797,1631,796,1,2
797,1632,796,1,2
797,1635,796,1,2
797,1647,796,1,2
797,1649,796,1,2
797,1651,796,1,2
797,1668,796,1,2
797,1670,796,1,2
797,1673,796,1,2
797,1679,796,1,2
808,1587,807,1,2
808,1589,807,1,2
808,1593,807,1,2
808,1596,807,1,2
808,1602,807,1,2
808,1613,807,1,2
808,1616,807,1,2
808,1621,807,1,2
808,1640,807,1,2
808,1641,807,1,2
808,1643,807,1,2
808,1644,807,1,2
808,1646,807,1,2
808,1648,807,1,2
808,1654,807,1,2
808,1658,807,1,2
808,1660,807,1,2
808,1667,807,1,2
808,1672,807,1,2
808,1674,807,1,2
808,1676,807,1,2
808,1678,807,1,2
808,1681,807,1,2
808,1682,807,1,2
811,1599,812,2,1
811,1625,812,2,1
812,1594,813,2,1
812,1597,813,2,1
812,1620,813,2,1
812,1666,813,2,1
815,1668,837,3,0
829,1614,807,0,3
841,1584,840,1,2
841,1585,840,1,2
841,1588,840,1,2
841,1591,840,1,2
841,1592,840,1,2
841,1594,840,1,2
841,1595,840,1,2
841,1597,840,1,2
841,1598,840,1,2
841,1599,840,1,2
841,1601,840,1,2
841,1605,840,1,2
841,1606,840,1,2
841,1610,840,1,2
841,1612,840,1,2
841,1614,840,1,2
841,1617,840,1,2
841,1618,840,1,2
841,1620,840,1,2
841,1622,840,1,2
841,1623,840,1,2
841,1625,840,1,2
841,1628,840,1,2
841,1630,840,1,2
841,1633,840,1,2
841,1636,840,1,2
841,1637,840,1,2
841,1639,840,1,2
841,1642,840,1,2
841,1645,840,1,2
841,1647,840,1,2
841,1649,840,1,2
841,1650,840,1,2
841,1655,840,1,2
841,1656,840,1,2
841,1657,840,1,2
841,1661,840,1,2
841,1662,840,1,2
841,1663,840,1,2
841,1664,840,1,2
841,1666,840,1,2
841,1668,840,1,2
841,1670,840,1,2
841,1673,840,1,2
841,1675,840,1,2
841,1679,840,1,2
841,1680,840,1,2
852,1587,851,1,2
852,1593,851,1,2
852,1602,851,1,2
852,1616,851,1,2
852,1621,851,1,2
852,1634,851,1,2
852,1640,851,1,2
852,1641,851,1,2
852,1643,851,1,2
852,1644,851,1,2
852,1646,851,1,2
852,1648,851,1,2
852,1654,851,1,2
852,1658,851,1,2
852,1667,851,1,2
852,1672,851,1,2
852,1674,851,1,2
852,1678,851,1,2
852,1681,851,1,2
852,1682,851,1,2
855,1624,856,2,1
855,1625,856,2,1
855,1639,856,2,1
855,1671,856,2,1
856,1666,857,2,1
859,1668,881,3,0
873,1590,851,0,3
873,1599,851,0,3
873,1607,851,0,3
873,1661,851,0,3
873,1669,895,3,0
873,1683,851,0,3
885,1585,884,1,2
885,1588,884,1,2
885,1590,884,1,2
885,1592,884,1,2
885,1594,884,1,2
885,1595,884,1,2
885,1597,884,1,2
885,1598,884,1,2
885,1599,884,1,2
885,1601,884,1,2
885,1605,884,1,2
885,1606,884,1,2
885,1607,884,1,2
885,1610,884,1,2
885,1612,884,1,2
885,1614,884,1,2
885,1618,884,1,2
885,1620,884,1,2
885,1622,884,1,2
885,1623,884,1,2
885,1624,884,1,2
885,1625,884,1,2
885,1627,884,1,2
885,1628,884,1,2
885,1633,884,1,2
885,1635,884,1,2
885,1636,884,1,2
885,1637,884,1,2
885,1639,884,1,2
885,1642,884,1,2
885,1645,884,1,2
885,1647,884,1,2
885,1650,907,3,0
885,1651,884,1,2
885,1652,884,1,2
885,1655,884,1,2
885,1656,884,1,2
885,1657,884,1,2
885,1661,884,1,2
885,1662,884,1,2
885,1663,884,1,2
885,1664,884,1,2
885,1666,884,1,2
885,1668,884,1,2
885,1671,884,1,2
885,1673,884,1,2
885,1675,884,1,2
885,1677,884,1,2
885,1680,884,1,2
885,1683,884,1,2
896,1587,895,1,2
896,1593,895,1,2
896,1600,895,1,2
896,1602,895,1,2
896,1608,895,1,2
896,1611,895,1,2
896,1616,895,1,2
896,1621,895,1,2
896,1634,895,1,2
896,1638,895,1,2
896,1640,895,1,2
896,1641,895,1,2
896,1643,895,1,2
896,1646,895,1,2
896,1648,895,1,2
896,1653,895,1,2
896,1654,895,1,2
896,1658,895,1,2
896,1659,895,1,2
896,1660,895,1,2
896,1672,895,1,2
896,1674,895,1,2
896,1678,895,1,2
896,1682,895,1,2
899,1586,900,2,1
899,1624,900,2,1
899,1627,900,2,1
899,1651,900,2,1
899,1665,900,2,1
899,1671,900,2,1
899,1677,900,2,1
903,1668,925,3,0
906,1604,884,0,3
906,1613,884,0,3
906,1660,884,0,3
917,1615,895,0,3
917,1619,895,0,3
917,1669,895,0,3
929,1585,928,1,2
929,1586,928,1,2
929,1588,928,1,2
929,1590,928,1,2
929,1592,928,1,2
929,1594,928,1,2
929,1595,928,1,2
929,1597,928,1,2
929,1598,928,1,2
929,1599,928,1,2
929,1603,928,1,2
929,1605,928,1,2
929,1607,928,1,2
929,1609,928,1,2
929,1612,928,1,2
929,1614,928,1,2
929,1615,928,1,2
929,1618,928,1,2
929,1619,928,1,2
929,1620,928,1,2
929,1622,928,1,2
929,1623,928,1,2
929,1624,928,1,2
929,1625,928,1,2
929,1626,928,1,2
929,1627,928,1,2
929,1628,928,1,2
929,1629,928,1,2
929,1630,928,1,2
929,1631,928,1,2
929,1633,928,1,2
929,1635,928,1,2
929,1636,928,1,2
929,1637,928,1,2
929,1639,928,1,2
929,1642,928,1,2
929,1645,928,1,2
929,1651,928,1,2
929,1652,928,1,2
929,1655,928,1,2
929,1656,928,1,2
929,1657,928,1,2
929,1661,928,1,2
929,1662,928,1,2
929,1663,928,1,2
929,1664,928,1,2
929,1665,928,1,2
929,1666,928,1,2
929,1668,928,1,2
929,1669,928,1,2
929,1670,928,1,2
929,1671,928,1,2
929,1673,928,1,2
929,1675,928,1,2
929,1677,928,1,2
929,1679,928,1,2
929,1680,928,1,2
929,1683,928,1,2
940,1589,939,1,2
940,1593,939,1,2
940,1596,939,1,2
940,1600,939,1,2
940,1602,939,1,2
940,1604,939,1,2
940,1608,939,1,2
940,1611,939,1,2
940,1613,939,1,2
940,1621,939,1,2
940,1634,939,1,2
940,1638,939,1,2
940,1640,939,1,2
940,1641,939,1,2
940,1643,939,1,2
940,1648,939,1,2
940,1650,939,1,2
940,1653,939,1,2
940,1654,939,1,2
940,1658,939,1,2
940,1659,939,1,2
940,1660,939,1,2
940,1672,939,1,2
940,1678,939,1,2
940,1682,939,1,2
943,1586,944,2,1
943,1635,944,2,1
943,1649,944,2,1
943,1651,944,2,1
944,1603,945,2,1
944,1609,945,2,1
944,1626,945,2,1
944,1629,945,2,1
944,1631,945,2,1
944,1670,945,2,1
944,1679,945,2,1
947,1668,969,3,0
950,1667,928,0,3
950,1676,928,0,3
961,1632,939,0,3
961,1647,939,0,3
973,1584,972,1,2
973,1585,972,1,2
973,1586,972,1,2
973,1588,972,1,2
973,1590,972,1,2
973,1591,972,1,2
973,1594,972,1,2
973,1595,972,1,2
973,1597,972,1,2
973,1599,972,1,2
973,1603,972,1,2
973,1605,972,1,2
973,1607,972,1,2
973,1609,972,1,2
973,1610,972,1,2
973,1612,972,1,2
973,1614,972,1,2
973,1615,972,1,2
973,1617,972,1,2
973,1619,972,1,2
973,1620,972,1,2
973,1622,972,1,2
973,1623,972,1,2
973,1624,972,1,2
973,1625,972,1,2
973,1626,972,1,2
973,1627,972,1,2
973,1628,972,1,2
973,1629,972,1,2
973,1630,972,1,2
973,1631,972,1,2
973,1632,972,1,2
973,1633,972,1,2
973,1635,972,1,2
973,1636,972,1,2
973,1637,972,1,2
973,1639,972,1,2
973,1642,972,1,2
973,1645,972,1,2
973,1647,972,1,2
973,1649,972,1,2
973,1651,972,1,2
973,1652,972,1,2
973,1656,972,1,2
973,1661,972,1,2
973,1663,972,1,2
973,1664,972,1,2
973,1665,972,1,2
973,1666,972,1,2
973,1668,972,1,2
973,1669,972,1,2
973,1670,972,1,2
973,1671,972,1,2
973,1673,972,1,2
973,1675,972,1,2
973,1677,972,1,2
973,1679,972,1,2
973,1680,972,1,2
973,1683,972,1,2
984,1589,983,1,2
984,1593,983,1,2
984,1596,983,1,2
984,1600,983,1,2
984,1604,983,1,2
984,1606,983,1,2
984,1608,983,1,2
984,1611,983,1,2
984,1613,983,1,2
984,1616,983,1,2
984,1621,983,1,2
984,1634,983,1,2
984,1638,983,1,2
984,1640,983,1,2
984,1644,983,1,2
984,1646,983,1,2
984,1648,983,1,2
984,1650,983,1,2
984,1653,983,1,2
984,1658,983,1,2
984,1659,983,1,2
984,1660,983,1,2
984,1667,983,1,2
984,1672,983,1,2
984,1676,983,1,2
984,1678,983,1,2
984,1681,983,1,2
984,1682,983,1,2
987,1584,988,2,1
987,1591,988,2,1
987,1617,988,2,1
991,1668,1013,3,0
994,1644,972,0,3
1001,1660,1000,1,2
1005,1601,983,0,3
1017,1584,1016,1,2
1017,1585,1016,1,2
1017,1586,1016,1,2
1017,1588,1016,1,2
1017,1590,1016,1,2
1017,1591,1016,1,2
1017,1594,1016,1,2
1017,1595,1016,1,2
1017,1597,1016,1,2
1017,1599,1016,1,2
1017,1601,1016,1,2
1017,1603,1016,1,2
1017,1607,1016,1,2
1017,1609,1016,1,2
1017,1610,1016,1,2
1017,1612,1016,1,2
1017,1614,1016,1,2
1017,1615,1016,1,2
1017,1617,1016,1,2
1017,1619,1016,1,2
1017,1620,1016,1,2
1017,1622,1016,1,2
1017,1623,1016,1,2
1017,1624,1016,1,2
1017,1625,1016,1,2
1017,1626,1016,1,2
1017,1627,1016,1,2
1017,1628,1016,1,2
1017,1629,1016,1,2
1017,1630,1016,1,2
1017,1631,1016,1,2
1017,1632,1016,1,2
1017,1633,1016,1,2
1017,1635,1016,1,2
1017,1636,1016,1,2
1017,1637,1016,1,2
1017,1639,1016,1,2
1017,1642,1016,1,2
1017,1645,1016,1,2
1017,1647,1016,1,2
1017,1649,1016,1,2
1017,1651,1016,1,2
1017,1652,1016,1,2
1017,1661,1016,1,2
1017,1664,1016,1,2
1017,1665,1016,1,2
1017,1666,1016,1,2
1017,1668,1016,1,2
1017,1669,1016,1,2
1017,1670,1016,1,2
1017,1671,1016,1,2
1017,1673,1016,1,2
1017,1677,1016,1,2
1017,1679,1016,1,2
1017,1683,1016,1,2
1028,1587,1027,1,2
1028,1589,1027,1,2
1028,1592,1027,1,2
1028,1593,1027,1,2
1028,1596,1027,1,2
1028,1598,1027,1,2
1028,1600,1027,1,2
1028,1602,1027,1,2
1028,1604,1027,1,2
1028,1606,1027,1,2
1028,1608,1027,1,2
1028,1611,1027,1,2
1028,1613,1027,1,2
1028,1616,1027,1,2
1028,1618,1027,1,2
1028,1634,1027,1,2
1028,1638,1027,1,2
1028,1640,1027,1,2
1028,1643,1027,1,2
1028,1644,1027,1,2
1028,1646,1027,1,2
1028,1648,1027,1,2
1028,1650,1027,1,2
1028,1653,1027,1,2
1028,1654,1027,1,2
1028,1655,1027,1,2
1028,1657,1027,1,2
1028,1658,1027,1,2
1028,1659,1027,1,2
1028,1660,1027,1,2
1028,1662,1027,1,2
1028,1667,1027,1,2
1028,1672,1027,1,2
1028,1676,1027,1,2
1028,1678,1027,1,2
1028,1681,1027,1,2
1035,1668,1057,3,0
1038,1641,1016,0,3
1038,1674,1016,0,3
1061,1668,1060,1,2
1061,1673,1060,1,2
1072,1587,1071,1,2
1072,1589,1071,1,2
1072,1592,1071,1,2
1072,1596,1071,1,2
1072,1598,1071,1,2
1072,1600,1071,1,2
1072,1602,1071,1,2
1072,1604,1071,1,2
1072,1605,1071,1,2
1072,1606,1071,1,2
1072,1608,1071,1,2
1072,1611,1071,1,2
1072,1613,1071,1,2
1072,1616,1071,1,2
1072,1618,1071,1,2
1072,1634,1071,1,2
1072,1638,1071,1,2
1072,1641,1071,1,2
1072,1643,1071,1,2
1072,1644,1071,1,2
1072,1646,1071,1,2
1072,1650,1071,1,2
1072,1653,1071,1,2
1072,1655,1071,1,2
1072,1656,1071,1,2
1072,1657,1071,1,2
1072,1659,1071,1,2
1072,1660,1071,1,2
1072,1662,1071,1,2
1072,1663,1071,1,2
1072,1667,1071,1,2
1072,1674,1071,1,2
1072,1675,1071,1,2
1072,1676,1071,1,2
1072,1680,1071,1,2
1072,1681,1071,1,2
1079,1668,1101,3,0
1082,1654,1060,0,3
1085,1640,1063,0,3
1087,1597,1109,3,0
1089,1597,1111,3,0
1091,1640,1090,1,2
1092,1640,1070,0,3
1093,1640,1071,0,3
1105,1668,1104,1,2
1105,1673,1104,1,2
1107,1640,1085,0,3
1108,1597,1130,3,0
1113,1640,1091,0,3
1114,1640,1092,0,3
1115,1640,1093,0,3
1116,1587,1115,1,2
1116,1589,1115,1,2
1116,1592,1115,1,2
1116,1596,1115,1,2
1116,1598,1115,1,2
1116,1600,1115,1,2
1116,1602,1115,1,2
1116,1605,1115,1,2
1116,1606,1115,1,2
1116,1608,1115,1,2
1116,1611,1115,1,2
1116,1613,1115,1,2
1116,1616,1115,1,2
1116,1618,1115,1,2
1116,1621,1115,1,2
1116,1623,1115,1,2
1116,1633,1115,1,2
1116,1634,1115,1,2
1116,1636,1115,1,2
1116,1638,1115,1,2
1116,1641,1115,1,2
1116,1643,1115,1,2
1116,1644,1115,1,2
1116,1646,1115,1,2
1116,1650,1115,1,2
1116,1653,1115,1,2
1116,1654,1115,1,2
1116,1655,1115,1,2
1116,1656,1115,1,2
1116,1657,1115,1,2
1116,1659,1115,1,2
1116,1660,1115,1,2
1116,1662,1115,1,2
1116,1663,1115,1,2
1116,1667,1115,1,2
1116,1674,1115,1,2
1116,1675,1115,1,2
1116,1676,1115,1,2
1116,1680,1115,1,2
1116,1681,1115,1,2
1116,1682,1115,1,2
1122,1613,1144,2,0
1123,1668,1145,3,0
1126,1621,1104,0,3
1129,1640,1128,1,2
1136,1640,1135,1,2
1137,1640,1136,1,2
1142,1681,1164,3,0
1143,1681,1165,3,0
1148,1672,1149,2,1
1149,1584,1148,1,2
1149,1585,1148,1,2
1149,1586,1148,1,2
1149,1590,1148,1,2
1149,1591,1148,1,2
1149,1594,1148,1,2
1149,1597,1148,1,2
1149,1599,1148,1,2
1149,1601,1148,1,2
1149,1603,1148,1,2
1149,1604,1148,1,2
1149,1607,1148,1,2
1149,1609,1148,1,2
1149,1610,1148,1,2
1149,1612,1148,1,2
1149,1614,1148,1,2
1149,1615,1148,1,2
1149,1617,1148,1,2
1149,1619,1148,1,2
1149,1620,1148,1,2
1149,1622,1148,1,2
1149,1624,1148,1,2
1149,1625,1148,1,2
1149,1626,1148,1,2
1149,1627,1148,1,2
1149,1629,1148,1,2
1149,1630,1148,1,2
1149,1631,1148,1,2
1149,1632,1148,1,2
1149,1635,1148,1,2
1149,1637,1148,1,2
1149,1639,1148,1,2
1149,1647,1148,1,2
1149,1649,1148,1,2
1149,1651,1148,1,2
1149,1652,1148,1,2
1149,1661,1148,1,2
1149,1665,1148,1,2
1149,1666,1148,1,2
1149,1668,1148,1,2
1149,1669,1148,1,2
1149,1670,1148,1,2
1149,1671,1148,1,2
1149,1672,1150,2,1
1149,1673,1148,1,2
1149,1677,1148,1,2
1149,1679,1148,1,2
1149,1683,1148,1,2
1150,1672,1672,4,0
1151,1597,1173,3,0
1160,1587,1159,1,2
1160,1589,1159,1,2
1160,1592,1159,1,2
1160,1593,1159,1,2
1160,1596,1159,1,2
1160,1598,1159,1,2
1160,1600,1159,1,2
1160,1602,1159,1,2
1160,1605,1159,1,2
1160,1606,1159,1,2
1160,1608,1159,1,2
1160,1611,1159,1,2
1160,1613,1159,1,2
1160,1616,1159,1,2
1160,1618,1159,1,2
1160,1621,1159,1,2
1160,1623,1159,1,2
1160,1633,1159,1,2
1160,1634,1159,1,2
1160,1636,1159,1,2
1160,1638,1159,1,2
1160,1641,1159,1,2
1160,1643,1159,1,2
1160,1644,1159,1,2
1160,1646,1159,1,2
1160,1648,1159,1,2
1160,1650,1159,1,2
1160,1653,1159,1,2
1160,1654,1159,1,2
1160,1655,1159,1,2
1160,1656,1159,1,2
1160,1657,1159,1,2
1160,1658,1159,1,2
1160,1659,1159,1,2
1160,1660,1159,1,2
1160,1662,1159,1,2
1160,1663,1159,1,2
1160,1667,1159,1,2
1160,1672,1159,1,2
1160,1674,1159,1,2
1160,1675,1159,1,2
1160,1680,1159,1,2
1160,1681,1159,1,2
1160,1682,1159,1,2
1164,1681,1186,3,0
1166,1613,1188,2,0
1167,1668,1189,3,0
1172,1597,1194,3,0
1185,1681,1207,3,0
1193,1604,1192,1,2
1193,1673,1192,1,2
1193,1676,1192,1,2
1204,1587,1203,1,2
1204,1588,1203,1,2
1204,1592,1203,1,2
1204,1593,1203,1,2
1204,1595,1203,1,2
1204,1596,1203,1,2
1204,1598,1203,1,2
1204,1600,1203,1,2
1204,1602,1203,1,2
1204,1605,1203,1,2
1204,1606,1203,1,2
1204,1608,1203,1,2
1204,1611,1203,1,2
1204,1613,1203,1,2
1204,1616,1203,1,2
1204,1618,1203,1,2
1204,1621,1203,1,2
1204,1623,1203,1,2
1204,1633,1203,1,2
1204,1634,1203,1,2
1204,1636,1203,1,2
1204,1638,1203,1,2
1204,1640,1203,1,2
1204,1641,1203,1,2
1204,1642,1203,1,2
1204,1643,1203,1,2
1204,1645,1203,1,2
1204,1648,1203,1,2
1204,1650,1203,1,2
1204,1653,1203,1,2
1204,1654,1203,1,2
1204,1655,1203,1,2
1204,1656,1203,1,2
1204,1657,1203,1,2
1204,1658,1203,1,2
1204,1659,1203,1,2
1204,1662,1203,1,2
1204,1663,1203,1,2
1204,1664,1203,1,2
1204,1674,1203,1,2
1204,1675,1203,1,2
1204,1680,1203,1,2
1204,1681,1203,1,2
1204,1682,1203,1,2
1210,1613,1232,2,0
1211,1634,1233,3,0
1211,1668,1233,3,0
1214,1650,1236,3,0
1214,1672,1192,0,3
1215,1597,1237,3,0
1219,1670,1218,1,2
1221,1670,1220,1,2
1237,1584,1236,1,2
1237,1586,1236,1,2
1237,1589,1236,1,2
1237,1590,1236,1,2
1237,1591,1236,1,2
1237,1599,1236,1,2
1237,1601,1236,1,2
1237,1603,1236,1,2
1237,1604,1236,1,2
1237,1607,1236,1,2
1237,1609,1236,1,2
1237,1610,1236,1,2
1237,1615,1236,1,2
1237,1617,1236,1,2
1237,1619,1236,1,2
1237,1624,1236,1,2
1237,1625,1236,1,2
1237,1626,1236,1,2
1237,1627,1236,1,2
1237,1629,1236,1,2
1237,1630,1236,1,2
1237,1631,1236,1,2
1237,1632,1236,1,2
1237,1635,1236,1,2
1237,1637,1236,1,2
1237,1639,1236,1,2
1237,1644,1236,1,2
1237,1646,1236,1,2
1237,1647,1236,1,2
1237,1649,1236,1,2
1237,1651,1236,1,2
1237,1652,1236,1,2
1237,1660,1236,1,2
1237,1661,1236,1,2
1237,1665,1236,1,2
1237,1667,1236,1,2
1237,1669,1236,1,2
1237,1670,1236,1,2
1237,1671,1236,1,2
1237,1676,1236,1,2
1237,1677,1236,1,2
1237,1679,1236,1,2
1237,1683,1236,1,2
1241,1670,1240,1,2
1243,1670,1242,1,2
1244,1670,1245,2,1
1248,1585,1247,1,2
1248,1587,1247,1,2
1248,1588,1247,1,2
1248,1592,1247,1,2
1248,1593,1247,1,2
1248,1595,1247,1,2
1248,1596,1247,1,2
1248,1598,1247,1,2
1248,1602,1247,1,2
1248,1605,1247,1,2
1248,1606,1247,1,2
1248,1608,1247,1,2
1248,1611,1247,1,2
1248,1612,1247,1,2
1248,1613,1247,1,2
1248,1614,1247,1,2
1248,1616,1247,1,2
1248,1618,1247,1,2
1248,1620,1247,1,2
1248,1622,1247,1,2
1248,1623,1247,1,2
1248,1628,1247,1,2
1248,1633,1247,1,2
1248,1634,1247,1,2
1248,1636,1247,1,2
1248,1638,1247,1,2
1248,1640,1247,1,2
1248,1641,1247,1,2
1248,1642,1247,1,2
1248,1643,1247,1,2
1248,1645,1247,1,2
1248,1648,1247,1,2
1248,1653,1247,1,2
1248,1654,1247,1,2
1248,1655,1247,1,2
1248,1656,1247,1,2
1248,1657,1247,1,2
1248,1658,1247,1,2
1248,1662,1247,1,2
1248,1663,1247,1,2
1248,1664,1247,1,2
1248,1672,1247,1,2
1248,1674,1247,1,2
1248,1675,1247,1,2
1248,1678,1247,1,2
1248,1680,1247,1,2
1248,1681,1247,1,2
1248,1682,1247,1,2
1254,1613,1276,2,0
1254,1674,1276,2,0
1255,1596,1277,3,0
1255,1634,1277,3,0
1258,1597,1280,3,0
1263,1670,1262,1,2
1265,1670,1264,1,2
1280,1668,1279,1,2
1281,1584,1280,1,2
1281,1586,1280,1,2
1281,1589,1280,1,2
1281,1590,1280,1,2
1281,1591,1280,1,2
1281,1599,1280,1,2
1281,1601,1280,1,2
1281,1603,1280,1,2
1281,1604,1280,1,2
1281,1607,1280,1,2
1281,1609,1280,1,2
1281,1610,1280,1,2
1281,1615,1280,1,2
1281,1617,1280,1,2
1281,1621,1280,1,2
1281,1624,1280,1,2
1281,1625,1280,1,2
1281,1626,1280,1,2
1281,1627,1280,1,2
1281,1629,1280,1,2
1281,1630,1280,1,2
1281,1631,1280,1,2
1281,1635,1280,1,2
1281,1637,1280,1,2
1281,1639,1280,1,2
1281,1644,1280,1,2
1281,1646,1280,1,2
1281,1647,1280,1,2
1281,1649,1280,1,2
1281,1651,1280,1,2
1281,1652,1280,1,2
1281,1660,1280,1,2
1281,1665,1280,1,2
1281,1667,1280,1,2
1281,1668,1280,1,2
1281,1669,1280,1,2
1281,1670,1280,1,2
1281,1671,1280,1,2
1281,1676,1280,1,2
1281,1677,1280,1,2
1281,1679,1280,1,2
1285,1670,1284,1,2
1287,1670,1286,1,2
1289,1670,1290,2,1
1292,1585,1291,1,2
1292,1587,1291,1,2
1292,1588,1291,1,2
1292,1592,1291,1,2
1292,1594,1291,1,2
1292,1595,1291,1,2
1292,1596,1291,1,2
1292,1597,1291,1,2
1292,1598,1291,1,2
1292,1602,1291,1,2
1292,1605,1291,1,2
1292,1608,1291,1,2
1292,1611,1291,1,2
1292,1612,1291,1,2
1292,1614,1291,1,2
1292,1616,1291,1,2
1292,1620,1291,1,2
1292,1622,1291,1,2
1292,1623,1291,1,2
1292,1628,1291,1,2
1292,1633,1291,1,2
1292,1634,1291,1,2
1292,1636,1291,1,2
1292,1638,1291,1,2
1292,1642,1291,1,2
1292,1643,1291,1,2
1292,1645,1291,1,2
1292,1648,1291,1,2
1292,1653,1291,1,2
1292,1655,1291,1,2
1292,1656,1291,1,2
1292,1657,1291,1,2
1292,1659,1291,1,2
1292,1662,1291,1,2
1292,1663,1291,1,2
1292,1664,1291,1,2
1292,1666,1291,1,2
1292,1672,1291,1,2
1292,1674,1291,1,2
1292,1675,1291,1,2
1292,1680,1291,1,2
1292,1681,1314,3,0
1292,1682,1291,1,2
1298,1587,1320,2,0
1298,1602,1320,2,0
1298,1613,1320,2,0
1298,1643,1320,2,0
1298,1674,1320,2,0
1299,1596,1321,3,0
1299,1634,1321,3,0
1302,1618,1280,0,3
1307,1670,1306,1,2
1309,1670,1308,1,2
1312,1670,1313,2,1
1313,1668,1291,0,3
1320,1642,1321,1,1
1322,1597,1323,2,1
1325,1584,1324,1,2
1325,1586,1324,1,2
1325,1589,1324,1,2
1325,1590,1324,1,2
1325,1591,1324,1,2
1325,1593,1324,1,2
1325,1601,1324,1,2
1325,1604,1324,1,2
1325,1607,1324,1,2
1325,1613,1324,1,2
1325,1615,1324,1,2
1325,1617,1324,1,2
1325,1621,1324,1,2
1325,1624,1324,1,2
1325,1627,1324,1,2
1325,1635,1324,1,2
1325,1637,1324,1,2
1325,1640,1324,1,2
1325,1641,1324,1,2
1325,1644,1324,1,2
1325,1646,1324,1,2
1325,1648,1324,1,2
1325,1649,1324,1,2
1325,1651,1324,1,2
1325,1652,1324,1,2
1325,1654,1324,1,2
1325,1658,1324,1,2
1325,1660,1324,1,2
1325,1665,1324,1,2
1325,1667,1324,1,2
1325,1668,1324,1,2
1325,1669,1324,1,2
1325,1670,1324,1,2
1325,1671,1324,1,2
1325,1673,1324,1,2
1325,1676,1324,1,2
1325,1677,1324,1,2
1325,1679,1324,1,2
1329,1670,1328,1,2
1331,1670,1330,1,2
1334,1670,1335,2,1
1335,1681,1357,3,0
1336,1585,1335,1,2
1336,1587,1335,1,2
1336,1588,1335,1,2
1336,1592,1335,1,2
1336,1594,1335,1,2
1336,1595,1335,1,2
1336,1596,1335,1,2
1336,1597,1335,1,2
1336,1598,1335,1,2
1336,1600,1335,1,2
1336,1602,1335,1,2
1336,1605,1335,1,2
1336,1606,1335,1,2
1336,1608,1335,1,2
1336,1611,1335,1,2
1336,1612,1335,1,2
1336,1614,1335,1,2
1336,1618,1335,1,2
1336,1619,1335,1,2
1336,1620,1335,1,2
1336,1622,1335,1,2
1336,1623,1335,1,2
1336,1625,1335,1,2
1336,1628,1335,1,2
1336,1632,1335,1,2
1336,1633,1335,1,2
1336,1636,1335,1,2
1336,1638,1335,1,2
1336,1642,1335,1,2
1336,1643,1335,1,2
1336,1645,1335,1,2
1336,1650,1335,1,2
1336,1653,1335,1,2
1336,1655,1335,1,2
1336,1656,1335,1,2
1336,1657,1335,1,2
1336,1659,1335,1,2
1336,1661,1335,1,2
1336,1662,1335,1,2
1336,1663,1335,1,2
1336,1664,1335,1,2
1336,1666,1335,1,2
1336,1674,1335,1,2
1336,1675,1335,1,2
1336,1680,1335,1,2
1336,1682,1335,1,2
1336,1683,1335,1,2
1342,1587,1364,2,0
1342,1602,1364,2,0
1342,1613,1364,2,0
1342,1643,1364,2,0
1342,1674,1364,2,0
1343,1596,1365,3,0
1343,1634,1365,3,0
1346,1606,1324,0,3
1347,1635,1369,3,0
1351,1670,1350,1,2
1353,1670,1352,1,2
1357,1670,1335,0,3
1365,1597,1366,2,1
1368,1638,1390,3,0
1369,1584,1368,1,2
1369,1589,1368,1,2
1369,1591,1368,1,2
1369,1593,1368,1,2
1369,1613,1368,1,2
1369,1615,1368,1,2
1369,1616,1368,1,2
1369,1617,1368,1,2
1369,1621,1368,1,2
1369,1634,1368,1,2
1369,1637,1368,1,2
1369,1638,1391,3,0
1369,1641,1368,1,2
1369,1644,1368,1,2
1369,1646,1368,1,2
1369,1648,1368,1,2
1369,1649,1368,1,2
1369,1652,1368,1,2
1369,1654,1368,1,2
1369,1658,1368,1,2
1369,1660,1368,1,2
1369,1667,1368,1,2
1369,1668,1368,1,2
1369,1672,1368,1,2
1369,1673,1368,1,2
1369,1681,1368,1,2
1370,1638,1392,3,0
1373,1670,1372,1,2
1375,1670,1374,1,2
1378,1681,1379,2,1
1379,1670,1357,0,3
1380,1585,1379,1,2
1380,1587,1379,1,2
1380,1588,1379,1,2
1380,1592,1379,1,2
1380,1594,1379,1,2
1380,1595,1379,1,2
1380,1597,1379,1,2
1380,1598,1379,1,2
1380,1599,1379,1,2
1380,1600,1379,1,2
1380,1602,1379,1,2
1380,1605,1379,1,2
1380,1606,1379,1,2
1380,1608,1379,1,2
1380,1610,1379,1,2
1380,1611,1379,1,2
1380,1612,1379,1,2
1380,1614,1379,1,2
1380,1618,1379,1,2
1380,1619,1379,1,2
1380,1620,1379,1,2
1380,1622,1379,1,2
1380,1623,1379,1,2
1380,1624,1379,1,2
1380,1625,1379,1,2
1380,1628,1379,1,2
1380,1630,1379,1,2
1380,1632,1379,1,2
1380,1633,1379,1,2
1380,1636,1379,1,2
1380,1639,1379,1,2
1380,1642,1379,1,2
1380,1643,1379,1,2
1380,1645,1379,1,2
1380,1647,1379,1,2
1380,1650,1379,1,2
1380,1653,1379,1,2
1380,1655,1379,1,2
1380,1657,1379,1,2
1380,1659,1379,1,2
1380,1661,1379,1,2
1380,1662,1379,1,2
1380,1663,1379,1,2
1380,1664,1379,1,2
1380,1666,1379,1,2
1380,1674,1379,1,2
1380,1675,1379,1,2
1380,1680,1379,1,2
1380,1682,1379,1,2
1380,1683,1379,1,2
1382,1638,1383,2,1
1386,1587,1408,2,0
1386,1602,1408,2,0
1386,1613,1408,2,0
1386,1643,1408,2,0
1386,1674,1408,2,0
1387,1596,1409,3,0
1387,1634,1409,3,0
1390,1638,1391,2,1
1391,1638,1392,2,1
1392,1638,1638,4,0
1395,1670,1394,1,2
1397,1670,1396,1,2
1399,1681,1400,2,1
1402,1670,1380,0,3
1412,1638,1390,0,3
1413,1584,1412,1,2
1413,1589,1412,1,2
1413,1591,1412,1,2
1413,1593,1412,1,2
1413,1596,1412,1,2
1413,1613,1412,1,2
1413,1616,1412,1,2
1413,1617,1412,1,2
1413,1634,1412,1,2
1413,1638,1391,0,3
1413,1640,1412,1,2
1413,1641,1412,1,2
1413,1644,1412,1,2
1413,1646,1412,1,2
1413,1648,1412,1,2
1413,1654,1412,1,2
1413,1658,1412,1,2
1413,1660,1412,1,2
1413,1667,1412,1,2
1413,1668,1412,1,2
1413,1672,1412,1,2
1413,1673,1412,1,2
1413,1681,1412,1,2
1414,1638,1392,0,3
1417,1670,1416,1,2
1419,1670,1418,1,2
1421,1681,1422,2,1
1424,1585,1423,1,2
1424,1586,1423,1,2
1424,1588,1423,1,2
1424,1590,1423,1,2
1424,1592,1423,1,2
1424,1594,1423,1,2
1424,1595,1423,1,2
1424,1597,1423,1,2
1424,1598,1423,1,2
1424,1599,1423,1,2
1424,1600,1423,1,2
1424,1601,1423,1,2
1424,1602,1423,1,2
1424,1603,1423,1,2
1424,1605,1423,1,2
1424,1606,1423,1,2
1424,1607,1423,1,2
1424,1608,1423,1,2
1424,1609,1423,1,2
1424,1610,1423,1,2
1424,1611,1423,1,2
1424,1612,1423,1,2
1424,1614,1423,1,2
1424,1618,1423,1,2
1424,1619,1423,1,2
1424,1620,1423,1,2
1424,1622,1423,1,2
1424,1623,1423,1,2
1424,1624,1423,1,2
1424,1625,1423,1,2
1424,1626,1423,1,2
1424,1627,1423,1,2
1424,1628,1423,1,2
1424,1629,1423,1,2
1424,1630,1423,1,2
1424,1631,1423,1,2
1424,1632,1423,1,2
1424,1633,1423,1,2
1424,1635,1423,1,2
1424,1636,1423,1,2
1424,1639,1423,1,2
1424,1642,1423,1,2
1424,1643,1423,1,2
1424,1645,1423,1,2
1424,1647,1423,1,2
1424,1650,1423,1,2
1424,1651,1423,1,2
1424,1657,1423,1,2
1424,1659,1423,1,2
1424,1661,1423,1,2
1424,1662,1423,1,2
1424,1663,1423,1,2
1424,1664,1423,1,2
1424,1666,1423,1,2
1424,1669,1423,1,2
1424,1670,1402,0,3
1424,1671,1423,1,2
1424,1675,1423,1,2
1424,1677,1423,1,2
1424,1679,1423,1,2
1424,1682,1423,1,2
1424,1683,1423,1,2
1427,1604,1428,2,1
1430,1587,1452,2,0
1430,1602,1452,2,0
1430,1613,1452,2,0
1430,1643,1452,2,0
1430,1674,1452,2,0
1431,1596,1453,3,0
1431,1634,1453,3,0
1434,1680,1412,0,3
1439,1670,1438,1,2
1441,1670,1440,1,2
1442,1681,1443,2,1
1445,1648,1467,3,0
1447,1670,1425,0,3
1457,1589,1456,1,2
1457,1596,1456,1,2
1457,1613,1456,1,2
1457,1616,1456,1,2
1457,1634,1456,1,2
1457,1641,1456,1,2
1457,1654,1456,1,2
1457,1660,1456,1,2
1457,1667,1456,1,2
1457,1674,1456,1,2
1457,1681,1456,1,2
1461,1670,1460,1,2
1463,1670,1462,1,2
1468,1585,1467,1,2
1468,1586,1467,1,2
1468,1588,1467,1,2
1468,1590,1467,1,2
1468,1594,1467,1,2
1468,1595,1467,1,2
1468,1597,1467,1,2
1468,1598,1467,1,2
1468,1599,1467,1,2
1468,1600,1467,1,2
1468,1601,1467,1,2
1468,1603,1467,1,2
1468,1605,1467,1,2
1468,1606,1467,1,2
1468,1607,1467,1,2
1468,1609,1467,1,2
1468,1610,1467,1,2
1468,1612,1467,1,2
1468,1614,1467,1,2
1468,1615,1467,1,2
1468,1618,1467,1,2
1468,1619,1467,1,2
1468,1620,1467,1,2
1468,1622,1467,1,2
1468,1623,1467,1,2
1468,1624,1467,1,2
1468,1625,1467,1,2
1468,1626,1467,1,2
1468,1627,1467,1,2
1468,1628,1467,1,2
1468,1629,1467,1,2
1468,1630,1467,1,2
1468,1631,1467,1,2
1468,1632,1467,1,2
1468,1633,1467,1,2
1468,1635,1467,1,2
1468,1636,1467,1,2
1468,1637,1467,1,2
1468,1638,1467,1,2
1468,1639,1467,1,2
1468,1642,1467,1,2
1468,1645,1467,1,2
1468,1647,1467,1,2
1468,1649,1467,1,2
1468,1650,1467,1,2
1468,1651,1467,1,2
1468,1652,1467,1,2
1468,1656,1467,1,2
1468,1657,1467,1,2
1468,1659,1467,1,2
1468,1661,1467,1,2
1468,1663,1467,1,2
1468,1664,1467,1,2
1468,1665,1467,1,2
1468,1666,1467,1,2
1468,1669,1467,1,2
1468,1670,1467,1,2
1468,1671,1467,1,2
1468,1677,1467,1,2
1468,1679,1467,1,2
1468,1680,1467,1,2
1468,1683,1467,1,2
1470,1670,1448,0,3
1471,1604,1472,2,1
1471,1676,1472,2,1
1474,1587,1496,2,0
1474,1602,1496,2,0
1474,1613,1496,2,0
1474,1643,1496,2,0
1474,1674,1496,2,0
1475,1596,1497,3,0
1475,1634,1497,3,0
1483,1670,1482,1,2
1485,1670,1484,1,2
1492,1670,1470,0,3
1501,1587,1500,1,2
1501,1596,1500,1,2
1501,1602,1500,1,2
1501,1613,1500,1,2
1501,1616,1500,1,2
1501,1634,1500,1,2
1501,1641,1500,1,2
1501,1643,1500,1,2
1501,1674,1500,1,2
1501,1681,1500,1,2
1501,1682,1500,1,2
1505,1670,1504,1,2
1507,1670,1506,1,2
1512,1584,1511,1,2
1512,1585,1511,1,2
1512,1586,1511,1,2
1512,1588,1511,1,2
1512,1590,1511,1,2
1512,1591,1511,1,2
1512,1594,1511,1,2
1512,1595,1511,1,2
1512,1597,1511,1,2
1512,1599,1511,1,2
1512,1600,1511,1,2
1512,1601,1511,1,2
1512,1603,1511,1,2
1512,1605,1511,1,2
1512,1606,1511,1,2
1512,1607,1511,1,2
1512,1609,1511,1,2
1512,1610,1511,1,2
1512,1612,1511,1,2
1512,1614,1511,1,2
1512,1615,1511,1,2
1512,1617,1511,1,2
1512,1618,1511,1,2
1512,1619,1511,1,2
1512,1620,1511,1,2
1512,1622,1511,1,2
1512,1623,1511,1,2
1512,1624,1511,1,2
1512,1625,1511,1,2
1512,1626,1511,1,2
1512,1627,1511,1,2
1512,1628,1511,1,2
1512,1629,1511,1,2
1512,1630,1511,1,2
1512,1631,1511,1,2
1512,1632,1511,1,2
1512,1633,1511,1,2
1512,1635,1511,1,2
1512,1636,1511,1,2
1512,1637,1511,1,2
1512,1638,1511,1,2
1512,1639,1511,1,2
1512,1642,1511,1,2
1512,1645,1511,1,2
1512,1647,1511,1,2
1512,1649,1511,1,2
1512,1650,1511,1,2
1512,1651,1511,1,2
1512,1652,1511,1,2
1512,1653,1511,1,2
1512,1655,1511,1,2
1512,1656,1511,1,2
1512,1657,1511,1,2
1512,1659,1511,1,2
1512,1661,1511,1,2
1512,1663,1511,1,2
1512,1664,1511,1,2
1512,1665,1511,1,2
1512,1666,1511,1,2
1512,1669,1511,1,2
1512,1670,1511,1,2
1512,1671,1511,1,2
1512,1675,1511,1,2
1512,1677,1511,1,2
1512,1679,1511,1,2
1512,1680,1511,1,2
1512,1683,1511,1,2
1515,1644,1516,2,1
1515,1646,1516,2,1
1515,1670,1493,0,3
1518,1587,1540,2,0
1518,1602,1540,2,0
1518,1613,1540,2,0
1518,1643,1540,2,0
1518,1674,1540,2,0
1519,1596,1541,3,0
1519,1634,1541,3,0
1522,1653,1500,0,3
1527,1670,1526,1,2
1529,1670,1528,1,2
1533,1667,1555,3,0
1545,1587,1544,1,2
1545,1593,1544,1,2
1545,1596,1544,1,2
1545,1602,1544,1,2
1545,1604,1544,1,2
1545,1613,1544,1,2
1545,1616,1544,1,2
1545,1621,1544,1,2
1545,1634,1544,1,2
1545,1640,1544,1,2
1545,1641,1544,1,2
1545,1643,1544,1,2
1545,1644,1544,1,2
1545,1646,1544,1,2
1545,1648,1544,1,2
1545,1660,1544,1,2
1545,1674,1544,1,2
1545,1676,1544,1,2
1545,1681,1544,1,2
1545,1682,1544,1,2
1549,1670,1548,1,2
1551,1670,1550,1,2
1556,1584,1555,1,2
1556,1585,1555,1,2
1556,1586,1555,1,2
1556,1588,1555,1,2
1556,1590,1555,1,2
1556,1591,1555,1,2
1556,1592,1555,1,2
1556,1594,1555,1,2
1556,1595,1555,1,2
1556,1597,1555,1,2
1556,1599,1555,1,2
1556,1600,1555,1,2
1556,1601,1555,1,2
1556,1603,1555,1,2
1556,1605,1555,1,2
1556,1606,1555,1,2
1556,1607,1555,1,2
1556,1609,1555,1,2
1556,1610,1555,1,2
1556,1612,1555,1,2
1556,1614,1555,1,2
1556,1615,1555,1,2
1556,1617,1555,1,2
1556,1618,1555,1,2
1556,1619,1555,1,2
1556,1620,1555,1,2
1556,1622,1555,1,2
1556,1623,1555,1,2
1556,1624,1555,1,2
1556,1625,1555,1,2
1556,1626,1555,1,2
1556,1627,1555,1,2
1556,1628,1555,1,2
1556,1629,1555,1,2
1556,1630,1555,1,2
1556,1631,1555,1,2
1556,1632,1555,1,2
1556,1635,1555,1,2
1556,1637,1555,1,2
1556,1638,1555,1,2
1556,1639,1555,1,2
1556,1642,1555,1,2
1556,1645,1555,1,2
1556,1647,1555,1,2
1556,1649,1555,1,2
1556,1650,1555,1,2
1556,1651,1555,1,2
1556,1652,1555,1,2
1556,1653,1555,1,2
1556,1655,1555,1,2
1556,1656,1555,1,2
1556,1657,1555,1,2
1556,1659,1555,1,2
1556,1661,1555,1,2
1556,1662,1555,1,2
1556,1664,1555,1,2
1556,1665,1555,1,2
1556,1666,1555,1,2
1556,1668,1555,1,2
1556,1669,1555,1,2
1556,1670,1555,1,2
1556,1671,1555,1,2
1556,1673,1555,1,2
1556,1675,1555,1,2
1556,1677,1555,1,2
1556,1679,1555,1,2
1556,1680,1555,1,2
1556,1683,1555,1,2
1559,1644,1560,2,1
1559,1654,1560,2,1
1560,1589,1561,2,1
1560,1660,1561,2,1
1562,1587,0,2,3
1562,1602,0,2,3
1562,1613,0,2,3
1562,1643,0,2,3
1562,1674,0,2,3
1563,1596,1,3,3
1563,1634,1,3,3
1566,1636,1544,0,3
1571,1670,1570,1,2
1573,1670,1572,1,2
1577,1646,1555,0,3
1577,1667,1555,0,3
1588,1620,726,0,4
1590,1597,772,0,4
1591,1615,882,0,4
1594,1611,140,0,4
1594,1620,770,0,4
1596,1617,870,0,4
1596,1669,870,0,4
1597,1584,749,0,4
1597,1586,749,0,4
1597,1589,749,0,4
1597,1590,749,0,4
1597,1591,749,0,4
1597,1599,749,0,4
1597,1603,162,0,4
1597,1604,749,0,4
1597,1607,749,0,4
1597,1609,162,0,4
1597,1615,749,0,4
1597,1617,749,0,4
1597,1624,749,0,4
1597,1625,749,0,4
1597,1626,162,0,4
1597,1627,749,0,4
1597,1629,162,0,4
1597,1631,162,0,4
1597,1635,162,0,4
1597,1637,749,0,4
1597,1639,749,0,4
1597,1644,749,0,4
1597,1646,749,0,4
1597,1649,749,0,4
1597,1651,162,0,4
1597,1652,749,0,4
1597,1660,749,0,4
1597,1665,749,0,4
1597,1667,749,0,4
1597,1669,749,0,4
1597,1670,162,0,4
1597,1671,749,0,4
1597,1676,749,0,4
1597,1677,749,0,4
1597,1679,162,0,4
1599,1610,837,0,4
1599,1639,815,0,4
1603,1597,206,0,4
1603,1674,272,0,4
1604,1626,887,0,4
1606,1650,1308,0,4
1607,1597,772,0,4
1607,1615,359,0,4
1609,1597,206,0,4
1610,1599,945,0,4
1610,1616,966,0,4
1611,1594,136,0,4
1614,1642,53,0,4
1615,1591,882,0,4
1615,1607,359,0,4
1616,1610,934,0,4
1616,1630,955,0,4
1617,1596,860,0,4
1620,1588,726,0,4
1620,1594,770,0,4
1620,1642,726,0,4
1620,1645,726,0,4
1620,1666,770,0,4
1621,1638,1389,0,4
1626,1597,206,0,4
1626,1604,881,0,4
1627,1629,272,0,4
1629,1597,206,0,4
1629,1627,272,0,4
1629,1669,837,0,4
1630,1616,880,0,4
1631,1597,206,0,4
1635,1597,272,0,4
1638,1604,1392,0,4
1638,1621,1392,0,4
1638,1676,1392,0,4
1638,1678,1392,0,4
1639,1597,750,0,4
1639,1599,815,0,4
1641,1658,1,0,4
1642,1614,53,0,4
1642,1620,726,0,4
1645,1620,726,0,4
1647,1651,879,0,4
1647,1673,142,0,4
1648,1672,1520,0,4
1650,1606,1308,0,4
1651,1597,272,0,4
1651,1647,859,0,4
1652,1597,751,0,4
1655,1675,550,0,4
1656,1682,1396,0,4
1658,1641,2,0,4
1660,1643,888,0,4
1666,1620,770,0,4
1668,1670,254,0,4
1669,1596,882,0,4
1669,1629,838,0,4
1670,1597,250,0,4
1670,1634,250,0,4
1670,1668,250,0,4
1670,1673,250,0,4
1671,1597,772,0,4
1672,1648,1520,0,4
1673,1647,145,0,4
1674,1603,284,0,4
1674,1682,306,0,4
1675,1655,550,0,4
1676,1638,1388,0,4
1677,1597,772,0,4
1679,1597,250,0,4
1681,1673,87,0,4
1682,1656,1088,0,4
1682,1674,306,0,4
