10,1642,9,0,1
13,1642,35,2,0
14,1642,36,2,0
15,1642,37,2,0
16,1642,38,2,0
32,1642,31,1,2
34,1642,33,1,2
35,1642,34,1,2
36,1642,35,1,2
37,1642,36,1,2
38,1642,37,1,2
56,1655,55,1,2
78,1655,77,1,2
100,1655,99,1,2
118,1594,140,3,0
122,1655,121,1,2
144,1655,143,1,2
147,1661,146,1,2
225,1679,247,3,0
226,1679,248,3,0
227,1679,249,3,0
228,1679,250,3,0
240,1679,241,2,1
247,1679,248,2,1
248,1679,249,2,1
249,1679,250,2,1
250,1679,1679,4,0
269,1679,247,0,3
270,1679,248,0,3
271,1679,249,0,3
272,1679,250,0,3
303,1587,325,3,0
362,1682,363,2,1
384,1682,385,2,1
406,1682,407,2,1
428,1682,429,2,1
450,1682,451,2,1
466,1646,467,2,1
469,1585,447,0,3
533,1652,555,3,0
545,1652,546,2,1
555,1652,1652,4,0
577,1652,555,0,3
596,1593,574,0,3
657,1665,679,3,0
788,1607,810,3,0
793,1599,815,3,0
808,1599,830,3,0
809,1599,831,3,0
810,1599,832,3,0
811,1599,833,3,0
812,1599,834,3,0
815,1599,1599,4,0
830,1599,831,2,1
831,1599,832,2,1
832,1599,833,2,1
833,1599,834,2,1
837,1599,815,0,3
852,1599,830,0,3
853,1599,831,0,3
854,1599,832,0,3
855,1599,833,0,3
856,1599,834,0,3
859,1599,837,0,3
861,1649,839,0,3
862,1649,840,0,3
863,1649,841,0,3
878,1599,856,0,3
879,1647,901,3,0
881,1599,859,0,3
882,1665,1665,4,0
883,1649,861,0,3
884,1649,862,0,3
885,1649,863,0,3
892,1597,893,2,1
896,1665,897,2,1
897,1665,898,2,1
898,1665,899,2,1
899,1665,900,2,1
900,1599,878,0,3
903,1599,881,0,3
905,1649,904,1,2
906,1649,905,1,2
907,1649,906,1,2
914,1597,915,2,1
915,1649,916,2,1
922,1599,900,0,3
925,1599,903,0,3
936,1597,937,2,1
939,1646,938,1,2
944,1599,922,0,3
947,1599,925,0,3
958,1597,959,2,1
966,1599,944,0,3
969,1599,947,0,3
973,1602,974,2,1
974,1602,975,2,1
975,1602,976,2,1
976,1602,977,2,1
977,1602,978,2,1
980,1597,981,2,1
980,1602,1602,4,0
988,1599,966,0,3
991,1599,969,0,3
1010,1599,988,0,3
1013,1599,991,0,3
1022,1642,1021,1,2
1024,1642,1025,2,1
1032,1599,1010,0,3
1035,1599,1013,0,3
1044,1642,1043,1,2
1046,1642,1045,1,2
1047,1642,1048,2,1
1054,1599,1032,0,3
1057,1599,1035,0,3
1066,1642,1065,1,2
1068,1642,1067,1,2
1069,1642,1070,2,1
1076,1599,1054,0,3
1079,1599,1057,0,3
1088,1642,1087,1,2
1090,1642,1089,1,2
1092,1642,1093,2,1
1098,1599,1076,0,3
1101,1599,1079,0,3
1110,1642,1109,1,2
1112,1642,1111,1,2
1120,1599,1098,0,3
1123,1599,1101,0,3
1129,1678,1151,3,0
1132,1642,1131,1,2
1134,1642,1133,1,2
1137,1642,1138,2,1
1137,1678,1159,3,0
1138,1678,1160,3,0
1142,1599,1120,0,3
1145,1599,1123,0,3
1154,1642,1153,1,2
1156,1642,1155,1,2
1164,1599,1142,0,3
1167,1599,1145,0,3
1176,1642,1175,1,2
1178,1642,1177,1,2
1179,1599,1180,2,1
1182,1642,1160,0,3
1186,1599,1164,0,3
1189,1599,1167,0,3
1198,1642,1197,1,2
1200,1642,1199,1,2
1205,1642,1183,0,3
1208,1599,1186,0,3
1211,1599,1189,0,3
1220,1642,1219,1,2
1222,1642,1221,1,2
1230,1599,1208,0,3
1233,1599,1211,0,3
1242,1642,1241,1,2
1244,1642,1243,1,2
1250,1642,1228,0,3
1252,1599,1230,0,3
1255,1599,1233,0,3
1264,1642,1263,1,2
1266,1642,1265,1,2
1273,1642,1251,0,3
1274,1599,1252,0,3
1277,1599,1255,0,3
1286,1642,1285,1,2
1288,1642,1287,1,2
1295,1642,1273,0,3
1296,1599,1274,0,3
1299,1599,1277,0,3
1308,1642,1307,1,2
1310,1642,1309,1,2
1318,1599,1296,0,3
1318,1642,1296,0,3
1321,1599,1299,0,3
1330,1642,1329,1,2
1332,1642,1331,1,2
1337,1599,1315,0,3
1338,1640,1360,3,0
1340,1599,1318,0,3
1340,1642,1318,0,3
1343,1599,1321,0,3
1345,1640,1367,3,0
1352,1642,1351,1,2
1354,1642,1353,1,2
1362,1599,1340,0,3
1365,1599,1343,0,3
1369,1607,1391,3,0
1369,1656,1370,2,1
1370,1656,1371,2,1
1371,1656,1372,2,1
1372,1656,1373,2,1
1373,1656,1374,2,1
1374,1642,1373,1,2
1374,1656,1375,2,1
1375,1656,1656,4,0
1376,1642,1375,1,2
1376,1656,1375,1,2
1377,1656,1376,1,2
1378,1656,1377,1,2
1379,1656,1378,1,2
1380,1656,1379,1,2
1382,1599,1360,0,3
1384,1599,1362,0,3
1387,1599,1365,0,3
1396,1642,1395,1,2
1398,1642,1397,1,2
1405,1599,1383,0,3
1406,1599,1384,0,3
1409,1599,1387,0,3
1418,1642,1417,1,2
1420,1642,1419,1,2
1423,1638,1422,1,2
1428,1599,1406,0,3
1440,1642,1439,1,2
1442,1642,1441,1,2
1462,1642,1461,1,2
1464,1642,1463,1,2
1470,1665,1448,0,3
1476,1665,1454,0,3
1484,1642,1483,1,2
1486,1642,1485,1,2
1506,1642,1505,1,2
1508,1642,1507,1,2
1528,1642,1527,1,2
1530,1642,1529,1,2
1536,1648,1558,3,0
1550,1642,1549,1,2
1552,1642,1551,1,2
1554,1598,1553,1,2
1572,1642,1571,1,2
1574,1642,1573,1,2
1584,1665,904,0,4
1585,1670,140,0,4
1589,1649,867,0,4
1589,1651,889,0,4
1590,1634,795,0,4
1594,1592,162,0,4
1594,1623,162,0,4
1594,1628,727,0,4
1594,1633,162,0,4
1594,1662,162,0,4
1596,1599,850,0,4
1598,1648,1547,0,4
1599,1596,815,0,4
1599,1619,815,0,4
1599,1630,815,0,4
1599,1632,815,0,4
1599,1634,815,0,4
1599,1647,815,0,4
1601,1665,903,0,4
1602,1621,980,0,4
1602,1641,980,0,4
1605,1679,247,0,4
1606,1652,571,0,4
1608,1611,1546,0,4
1611,1608,1546,0,4
1619,1599,837,0,4
1625,1679,250,0,4
1627,1630,838,0,4
1628,1594,705,0,4
1630,1599,837,0,4
1630,1627,837,0,4
1630,1653,163,0,4
1630,1665,881,0,4
1632,1599,858,0,4
1633,1639,530,0,4
1634,1590,805,0,4
1634,1599,827,0,4
1638,1679,245,0,4
1639,1633,772,0,4
1644,1646,1498,0,4
1646,1644,1498,0,4
1647,1599,858,0,4
1647,1650,923,0,4
1647,1656,923,0,4
1647,1665,880,0,4
1648,1598,1543,0,4
1649,1589,839,0,4
1649,1604,839,0,4
1649,1613,839,0,4
1649,1616,904,0,4
1649,1644,904,0,4
1649,1646,904,0,4
1649,1667,904,0,4
1649,1676,904,0,4
1649,1681,904,0,4
1651,1589,882,0,4
1652,1606,555,0,4
1652,1623,555,0,4
1652,1636,555,0,4
1652,1650,555,0,4
1652,1655,555,0,4
1652,1664,555,0,4
1652,1675,555,0,4
1653,1630,180,0,4
1656,1604,1375,0,4
1656,1638,1375,0,4
1656,1676,1375,0,4
1656,1678,1375,0,4
1665,1584,882,0,4
1665,1601,882,0,4
1665,1610,882,0,4
1665,1630,882,0,4
1665,1647,882,0,4
1670,1585,229,0,4
1679,1605,250,0,4
1679,1608,250,0,4
1679,1611,250,0,4
1679,1625,250,0,4
1679,1638,250,0,4
1679,1653,250,0,4
1679,1657,250,0,4
1679,1674,250,0,4
1679,1682,250,0,4
