0,1610,1,0,0
22,1610,23,1,1
44,1610,45,1,1
49,1595,50,2,1
50,1595,51,2,1
51,1595,52,2,1
52,1595,1595,4,0
57,1658,58,2,1
66,1610,67,1,1
79,1658,80,2,1
101,1658,102,2,1
123,1658,124,2,1
137,1664,138,2,1
138,1664,139,2,1
139,1664,1664,4,0
203,1657,181,0,3
225,1601,226,2,1
225,1657,203,0,3
226,1601,227,2,1
227,1601,228,2,1
228,1601,229,2,1
229,1601,1601,4,0
232,1601,231,1,2
233,1601,232,1,2
233,1683,232,1,2
234,1601,233,1,2
235,1601,234,1,2
236,1601,235,1,2
247,1657,246,1,2
257,1657,258,2,1
279,1657,280,2,1
301,1657,302,2,1
302,1643,324,3,0
312,1664,313,2,1
316,1664,315,1,2
323,1657,324,2,1
330,1620,352,2,0
331,1585,353,3,0
332,1594,333,2,1
338,1664,337,1,2
345,1657,346,2,1
352,1661,374,2,0
354,1594,355,2,1
355,1663,1663,4,0
356,1663,355,1,2
357,1663,356,1,2
360,1664,359,1,2
366,1671,365,1,2
367,1657,368,2,1
368,1663,369,2,1
369,1663,370,2,1
377,1594,378,2,1
382,1664,381,1,2
389,1657,390,2,1
393,1659,415,3,0
404,1664,403,1,2
411,1657,412,2,1
422,1594,423,2,1
423,1649,401,0,3
424,1649,402,0,3
425,1649,403,0,3
426,1649,404,0,3
426,1664,425,1,2
431,1649,409,0,3
432,1649,410,0,3
433,1649,411,0,3
433,1657,434,2,1
434,1649,412,0,3
435,1592,457,3,0
448,1649,426,0,3
453,1649,431,0,3
455,1657,456,2,1
467,1594,445,0,3
470,1591,469,1,2
470,1649,448,0,3
475,1649,453,0,3
477,1657,478,2,1
490,1594,468,0,3
492,1649,470,0,3
497,1649,475,0,3
499,1657,500,2,1
512,1594,490,0,3
514,1649,492,0,3
519,1649,497,0,3
521,1657,522,2,1
530,1649,552,3,0
535,1594,513,0,3
536,1649,514,0,3
541,1617,540,1,2
541,1649,519,0,3
543,1657,544,2,1
547,1599,569,3,0
558,1594,536,0,3
558,1649,536,0,3
559,1597,558,1,2
563,1649,541,0,3
565,1657,566,2,1
575,1649,597,3,0
580,1594,558,0,3
580,1649,558,0,3
585,1649,563,0,3
587,1657,588,2,1
589,1649,611,3,0
602,1649,580,0,3
606,1594,607,2,1
607,1649,585,0,3
609,1657,610,2,1
620,1649,642,3,0
624,1649,602,0,3
628,1594,629,2,1
629,1649,607,0,3
631,1657,632,2,1
632,1649,654,3,0
639,1618,617,0,3
640,1618,618,0,3
640,1664,662,3,0
641,1618,619,0,3
641,1664,663,3,0
642,1618,620,0,3
642,1664,664,3,0
643,1618,621,0,3
643,1649,665,3,0
643,1664,665,3,0
646,1649,624,0,3
647,1631,646,1,2
650,1594,651,2,1
651,1649,629,0,3
653,1657,654,2,1
654,1664,676,3,0
655,1664,677,3,0
656,1664,678,3,0
658,1618,636,0,3
664,1618,642,0,3
665,1618,643,0,3
665,1649,687,3,0
668,1649,646,0,3
672,1594,673,2,1
673,1649,651,0,3
675,1649,676,2,1
675,1657,676,2,1
680,1618,679,1,2
683,1618,682,1,1
684,1618,683,1,2
685,1618,684,1,2
686,1618,685,1,2
687,1618,686,1,2
688,1649,687,1,2
690,1618,691,2,1
690,1649,668,0,3
694,1594,695,2,1
695,1649,673,0,3
697,1657,698,2,1
699,1588,721,3,0
702,1618,701,1,2
706,1594,728,3,0
707,1594,729,3,0
708,1594,730,3,0
709,1594,731,3,0
710,1649,709,1,2
712,1649,690,0,3
716,1594,717,2,1
717,1649,695,0,3
719,1657,720,2,1
728,1594,727,1,2
729,1594,728,1,2
730,1594,729,1,2
731,1594,730,1,2
733,1649,732,1,2
738,1594,739,2,1
739,1649,740,2,1
741,1657,742,2,1
751,1612,750,1,2
751,1637,1637,4,0
752,1637,751,1,2
753,1637,752,1,2
762,1637,763,2,1
763,1657,764,2,1
764,1637,765,2,1
765,1637,766,2,1
785,1657,786,2,1
807,1657,808,2,1
829,1657,830,2,1
851,1657,852,2,1
873,1657,874,2,1
878,1589,879,2,1
884,1591,883,1,2
895,1657,896,2,1
913,1614,914,2,1
917,1657,918,2,1
935,1614,936,2,1
939,1657,940,2,1
957,1614,958,2,1
961,1657,962,2,1
979,1614,980,2,1
1001,1614,1002,2,1
1023,1614,1024,2,1
1262,1607,1261,1,2
1304,1679,1326,3,0
1385,1616,1407,3,0
1389,1678,1411,3,0
1407,1616,1429,3,0
1426,1648,1448,3,0
1447,1621,1469,3,0
1457,1592,1458,2,1
1458,1592,1459,2,1
1459,1592,1460,2,1
1460,1592,1592,4,0
1465,1592,1464,1,2
1466,1592,1465,1,2
1467,1592,1466,1,2
1468,1592,1467,1,2
1545,1636,1546,2,1
1546,1636,1547,2,1
1547,1636,1548,2,1
1548,1636,1636,4,0
1562,1610,1563,1,1
1586,1670,316,0,4
1588,1618,726,0,4
1590,1599,293,0,4
1590,1607,816,0,4
1590,1665,816,0,4
1592,1598,1525,0,4
1592,1638,1460,0,4
1592,1653,1460,0,4
1592,1676,1460,0,4
1592,1678,1460,0,4
1593,1641,1520,0,4
1593,1658,1107,0,4
1595,1618,639,0,4
1598,1592,1525,0,4
1599,1590,293,0,4
1599,1607,293,0,4
1599,1657,206,0,4
1601,1605,229,0,4
1601,1608,229,0,4
1601,1625,229,0,4
1601,1660,881,0,4
1601,1668,229,0,4
1603,1609,250,0,4
1605,1601,225,0,4
1605,1657,181,0,4
1605,1663,356,0,4
1607,1590,816,0,4
1607,1599,293,0,4
1607,1624,838,0,4
1607,1665,816,0,4
1609,1603,250,0,4
1609,1631,250,0,4
1618,1585,701,0,4
1618,1588,723,0,4
1618,1595,636,0,4
1618,1622,701,0,4
1618,1628,701,0,4
1618,1645,701,0,4
1618,1652,723,0,4
1618,1656,636,0,4
1624,1607,838,0,4
1625,1601,228,0,4
1627,1665,816,0,4
1628,1618,683,0,4
1629,1649,881,0,4
1631,1609,250,0,4
1636,1593,1548,0,4
1636,1611,1548,0,4
1636,1641,1548,0,4
1636,1648,1548,0,4
1636,1658,1548,0,4
1636,1660,1548,0,4
1637,1614,751,0,4
1637,1620,751,0,4
1637,1639,751,0,4
1639,1637,751,0,4
1641,1593,1542,0,4
1643,1668,349,0,4
1643,1673,349,0,4
1644,1654,1498,0,4
1645,1618,683,0,4
1649,1592,381,0,4
1649,1600,381,0,4
1649,1606,381,0,4
1649,1623,381,0,4
1649,1629,882,0,4
1649,1633,381,0,4
1649,1650,860,0,4
1649,1655,860,0,4
1649,1662,381,0,4
1652,1618,729,0,4
1652,1664,555,0,4
1653,1592,1459,0,4
1654,1644,1498,0,4
1657,1584,246,0,4
1657,1586,246,0,4
1657,1590,246,0,4
1657,1591,246,0,4
1657,1599,181,0,4
1657,1601,181,0,4
1657,1603,246,0,4
1657,1605,181,0,4
1657,1607,246,0,4
1657,1609,246,0,4
1657,1615,246,0,4
1657,1617,246,0,4
1657,1624,246,0,4
1657,1625,246,0,4
1657,1626,246,0,4
1657,1627,246,0,4
1657,1629,246,0,4
1657,1631,246,0,4
1657,1635,246,0,4
1657,1637,246,0,4
1657,1639,246,0,4
1657,1649,246,0,4
1657,1651,246,0,4
1657,1652,246,0,4
1657,1665,246,0,4
1657,1669,246,0,4
1657,1670,246,0,4
1657,1671,246,0,4
1657,1677,246,0,4
1657,1679,246,0,4
1657,1683,181,0,4
1658,1593,1107,0,4
1659,1634,439,0,4
1660,1601,866,0,4
1663,1602,355,0,4
1663,1605,355,0,4
1663,1643,355,0,4
1664,1605,139,0,4
1664,1613,139,0,4
1664,1634,139,0,4
1664,1652,575,0,4
1665,1590,816,0,4
1665,1607,816,0,4
1665,1627,816,0,4
1665,1670,838,0,4
1667,1681,932,0,4
1668,1601,233,0,4
1670,1586,316,0,4
1670,1665,838,0,4
1678,1592,1456,0,4
1681,1667,955,0,4
1683,1657,206,0,4
