9,1651,8,0,1
11,1601,33,2,0
11,1614,33,2,0
11,1619,33,2,0
11,1620,33,2,0
11,1630,33,2,0
11,1661,33,2,0
12,1602,1574,3,3
12,1651,11,0,1
19,1590,20,1,0
27,1628,49,3,0
31,1651,30,1,2
35,1651,34,1,2
41,1590,42,2,1
53,1651,52,1,2
55,1601,77,3,0
55,1619,77,3,0
55,1630,77,3,0
55,1661,77,3,0
56,1651,55,1,2
63,1590,64,2,1
75,1651,74,1,2
79,1651,78,1,2
85,1590,86,2,1
97,1651,96,1,2
99,1601,121,3,0
99,1619,121,3,0
99,1630,121,3,0
100,1651,99,1,2
107,1590,108,2,1
115,1597,137,3,0
119,1651,118,1,2
123,1651,122,1,2
129,1590,130,2,1
141,1651,140,1,2
143,1601,165,3,0
144,1651,143,1,2
151,1590,152,2,1
163,1651,162,1,2
164,1610,165,2,1
167,1651,166,1,2
173,1590,174,2,1
185,1651,184,1,2
187,1601,209,3,0
188,1651,187,1,2
195,1590,196,2,1
203,1603,225,3,0
207,1651,206,1,2
211,1651,210,1,2
217,1590,218,2,1
229,1651,228,1,2
232,1651,231,1,2
239,1590,240,2,1
243,1595,265,3,0
244,1645,245,2,1
251,1651,250,1,2
255,1651,254,1,2
261,1590,262,2,1
269,1590,291,3,0
270,1590,292,3,0
271,1590,293,3,0
273,1651,272,1,2
277,1651,299,3,0
278,1651,300,3,0
279,1651,301,3,0
280,1651,302,3,0
283,1590,284,2,1
291,1590,292,2,1
292,1590,293,2,1
293,1590,1590,4,0
295,1651,294,1,2
299,1651,298,1,2
300,1651,299,1,2
301,1651,300,1,2
302,1651,301,1,2
313,1590,291,0,3
313,1682,312,1,2
314,1590,292,0,3
315,1590,293,0,3
317,1618,318,2,1
348,1602,370,3,0
363,1616,385,3,0
363,1681,385,3,0
398,1663,420,3,0
406,1601,405,1,2
407,1616,429,3,0
407,1681,429,3,0
412,1663,434,3,0
413,1594,435,3,0
413,1663,435,3,0
414,1663,436,3,0
415,1663,437,3,0
420,1663,1663,4,0
432,1595,433,2,1
434,1663,435,2,1
435,1663,436,2,1
436,1663,437,2,1
437,1663,438,2,1
442,1663,420,0,3
451,1616,473,3,0
451,1681,473,3,0
456,1663,434,0,3
457,1663,435,0,3
458,1663,436,0,3
459,1663,437,0,3
476,1612,477,2,1
495,1616,517,3,0
495,1681,517,3,0
502,1679,524,3,0
508,1665,530,3,0
525,1665,547,3,0
530,1665,552,3,0
539,1616,561,3,0
539,1681,561,3,0
547,1665,569,3,0
552,1665,574,3,0
569,1665,591,3,0
574,1665,596,3,0
583,1616,605,3,0
583,1681,605,3,0
591,1665,613,3,0
596,1648,574,0,3
596,1665,618,3,0
613,1665,635,3,0
618,1665,640,3,0
627,1616,649,3,0
627,1681,649,3,0
635,1665,657,3,0
640,1665,662,3,0
671,1616,693,3,0
671,1659,693,3,0
671,1681,693,3,0
715,1600,737,3,0
715,1616,737,3,0
715,1659,737,3,0
715,1681,737,3,0
759,1600,781,3,0
759,1616,781,3,0
759,1659,781,3,0
759,1681,781,3,0
773,1665,795,3,0
774,1665,796,3,0
775,1665,797,3,0
787,1590,809,3,0
796,1666,795,1,2
803,1600,825,3,0
803,1616,825,3,0
803,1659,825,3,0
803,1681,825,3,0
804,1666,805,2,1
826,1666,827,2,1
847,1600,869,3,0
847,1616,869,3,0
847,1655,869,3,0
847,1659,869,3,0
847,1681,869,3,0
848,1666,849,2,1
859,1674,860,2,1
870,1666,871,2,1
881,1674,882,2,1
891,1600,913,3,0
891,1616,913,3,0
891,1655,913,3,0
891,1659,913,3,0
891,1681,913,3,0
892,1666,893,2,1
903,1674,904,2,1
914,1666,915,2,1
925,1674,926,2,1
935,1600,957,3,0
935,1655,957,3,0
935,1659,957,3,0
947,1674,948,2,1
952,1674,974,3,0
959,1602,937,0,3
960,1602,938,0,3
961,1602,939,0,3
962,1602,940,0,3
979,1600,1001,3,0
979,1655,1001,3,0
979,1659,1001,3,0
981,1602,959,0,3
982,1602,960,0,3
983,1602,961,0,3
984,1602,962,0,3
1003,1602,1002,1,2
1004,1602,1003,1,2
1005,1602,1004,1,2
1006,1602,1005,1,2
1023,1600,1045,3,0
1023,1612,1045,3,0
1023,1655,1045,3,0
1023,1659,1045,3,0
1061,1621,1083,3,0
1062,1621,1084,3,0
1067,1600,1089,3,0
1067,1612,1089,3,0
1067,1614,1089,3,0
1067,1620,1089,3,0
1067,1655,1089,3,0
1067,1659,1089,3,0
1074,1621,1075,2,1
1083,1621,1084,2,1
1084,1621,1621,4,0
1105,1621,1083,0,3
1106,1621,1084,0,3
1111,1600,1133,3,0
1111,1612,1133,3,0
1111,1614,1133,3,0
1111,1620,1133,3,0
1111,1655,1133,3,0
1111,1659,1133,3,0
1111,1661,1133,3,0
1113,1671,1114,2,1
1115,1658,1114,1,2
1135,1671,1136,2,1
1155,1600,1177,3,0
1155,1612,1177,3,0
1155,1614,1177,3,0
1155,1619,1177,3,0
1155,1620,1177,3,0
1155,1630,1177,3,0
1155,1655,1177,3,0
1155,1659,1177,3,0
1155,1661,1177,3,0
1157,1671,1158,2,1
1179,1671,1180,2,1
1199,1600,1221,3,0
1199,1612,1221,3,0
1199,1614,1221,3,0
1199,1619,1221,3,0
1199,1620,1221,3,0
1199,1630,1221,3,0
1199,1655,1221,3,0
1199,1659,1221,3,0
1199,1661,1221,3,0
1201,1584,1202,2,1
1201,1671,1202,2,1
1208,1636,1209,2,1
1217,1676,1195,0,3
1223,1584,1224,2,1
1223,1671,1224,2,1
1243,1600,1265,3,0
1243,1601,1265,3,0
1243,1612,1265,3,0
1243,1614,1265,3,0
1243,1619,1265,3,0
1243,1620,1265,3,0
1243,1630,1265,3,0
1243,1655,1265,3,0
1243,1661,1265,3,0
1245,1584,1246,2,1
1263,1651,1262,1,2
1267,1584,1268,2,1
1267,1651,1268,2,1
1285,1651,1284,1,2
1287,1601,1309,3,0
1287,1612,1309,3,0
1287,1614,1309,3,0
1287,1619,1309,3,0
1287,1620,1309,3,0
1287,1630,1309,3,0
1287,1655,1309,3,0
1287,1661,1309,3,0
1288,1651,1287,1,2
1290,1651,1291,2,1
1304,1590,1326,3,0
1307,1651,1306,1,2
1308,1650,1309,2,1
1311,1651,1310,1,2
1313,1651,1314,2,1
1329,1651,1328,1,2
1331,1601,1353,3,0
1331,1612,1353,3,0
1331,1614,1353,3,0
1331,1619,1353,3,0
1331,1620,1353,3,0
1331,1630,1353,3,0
1331,1655,1353,3,0
1331,1661,1353,3,0
1332,1651,1331,1,2
1335,1651,1336,2,1
1347,1678,1325,0,3
1351,1651,1350,1,2
1352,1606,1353,2,1
1355,1651,1354,1,2
1358,1651,1336,0,3
1369,1678,1347,0,3
1373,1651,1372,1,2
1375,1601,1397,3,0
1375,1612,1397,3,0
1375,1614,1397,3,0
1375,1619,1397,3,0
1375,1620,1397,3,0
1375,1630,1397,3,0
1375,1655,1397,3,0
1375,1661,1397,3,0
1376,1651,1375,1,2
1380,1651,1358,0,3
1382,1602,1404,3,0
1391,1678,1390,1,2
1395,1651,1394,1,2
1399,1651,1398,1,2
1401,1678,1402,2,1
1403,1651,1381,0,3
1412,1676,1411,1,2
1417,1651,1416,1,2
1419,1601,1441,3,0
1419,1612,1441,3,0
1419,1614,1441,3,0
1419,1619,1441,3,0
1419,1620,1441,3,0
1419,1630,1441,3,0
1419,1661,1441,3,0
1420,1651,1419,1,2
1421,1676,1422,2,1
1424,1638,1423,1,2
1425,1651,1403,0,3
1439,1651,1438,1,2
1440,1656,1441,2,1
1443,1651,1442,1,2
1448,1651,1426,0,3
1461,1651,1460,1,2
1463,1601,1485,3,0
1463,1612,1485,3,0
1463,1614,1485,3,0
1463,1619,1485,3,0
1463,1620,1485,3,0
1463,1630,1485,3,0
1463,1661,1485,3,0
1464,1651,1463,1,2
1470,1651,1448,0,3
1471,1590,1472,2,1
1483,1651,1482,1,2
1487,1651,1486,1,2
1489,1602,1490,2,1
1493,1590,1494,2,1
1493,1651,1471,0,3
1505,1651,1504,1,2
1507,1601,1529,3,0
1507,1612,1529,3,0
1507,1614,1529,3,0
1507,1619,1529,3,0
1507,1620,1529,3,0
1507,1630,1529,3,0
1507,1661,1529,3,0
1508,1651,1507,1,2
1515,1590,1516,2,1
1527,1651,1526,1,2
1531,1651,1530,1,2
1537,1590,1538,2,1
1537,1623,1538,2,1
1549,1651,1548,1,2
1551,1601,1573,3,0
1551,1612,1573,3,0
1551,1614,1573,3,0
1551,1619,1573,3,0
1551,1620,1573,3,0
1551,1630,1573,3,0
1551,1661,1573,3,0
1552,1651,1551,1,2
1559,1590,1560,2,1
1559,1623,1560,2,1
1568,1623,6,3,3
1571,1651,1570,1,2
1575,1651,1574,1,2
1581,1590,1582,2,1
1581,1623,1582,2,1
1585,1664,662,0,4
1590,1598,293,0,4
1590,1605,293,0,4
1590,1608,293,0,4
1590,1611,293,0,4
1590,1638,293,0,4
1590,1653,293,0,4
1590,1657,293,0,4
1590,1674,293,0,4
1590,1682,293,0,4
1592,1625,486,0,4
1592,1633,1548,0,4
1599,1637,794,0,4
1599,1671,272,0,4
1599,1678,206,0,4
1600,1663,418,0,4
1602,1601,937,0,4
1602,1618,393,0,4
1603,1666,859,0,4
1605,1590,269,0,4
1605,1642,94,0,4
1606,1665,484,0,4
1610,1678,77,0,4
1615,1655,773,0,4
1618,1602,657,0,4
1622,1664,96,0,4
1623,1664,574,0,4
1623,1665,574,0,4
1625,1592,728,0,4
1628,1589,74,0,4
1628,1593,74,0,4
1628,1621,74,0,4
1628,1640,74,0,4
1628,1641,74,0,4
1628,1644,74,0,4
1628,1646,74,0,4
1628,1648,74,0,4
1628,1654,74,0,4
1628,1658,74,0,4
1628,1660,74,0,4
1628,1667,74,0,4
1628,1672,74,0,4
1628,1678,74,0,4
1629,1675,859,0,4
1630,1660,837,0,4
1633,1592,1548,0,4
1637,1599,795,0,4
1638,1678,1393,0,4
1640,1648,1477,0,4
1642,1605,97,0,4
1648,1640,1477,0,4
1651,1601,294,0,4
1651,1634,294,0,4
1651,1668,294,0,4
1651,1673,294,0,4
1653,1590,289,0,4
1653,1678,1459,0,4
1655,1615,529,0,4
1656,1678,1353,0,4
1659,1663,418,0,4
1660,1630,845,0,4
1663,1600,420,0,4
1663,1659,420,0,4
1664,1585,662,0,4
1664,1622,96,0,4
1664,1623,596,0,4
1665,1606,381,0,4
1665,1623,816,0,4
1665,1636,816,0,4
1665,1650,816,0,4
1665,1655,816,0,4
1665,1675,816,0,4
1665,1680,816,0,4
1666,1603,793,0,4
1671,1599,272,0,4
1675,1629,573,0,4
1678,1599,1543,0,4
1678,1610,1543,0,4
1678,1638,1390,0,4
1678,1653,1456,0,4
1678,1656,1325,0,4
1678,1680,1390,0,4
1682,1584,329,0,4
1682,1591,329,0,4
1682,1615,329,0,4
1682,1617,329,0,4
1682,1637,329,0,4
1682,1649,329,0,4
1682,1652,329,0,4
1682,1665,329,0,4
1682,1669,329,0,4
