80,1673,102,3,0
81,1673,103,3,0
82,1673,104,3,0
119,1666,141,3,0
122,1666,144,3,0
123,1666,145,3,0
124,1666,146,3,0
125,1666,147,3,0
126,1666,148,3,0
159,1664,137,0,3
160,1664,138,0,3
161,1664,139,0,3
162,1664,140,0,3
167,1664,145,0,3
168,1664,146,0,3
169,1664,147,0,3
170,1664,148,0,3
184,1664,162,0,3
189,1664,167,0,3
206,1600,184,0,3
206,1664,184,0,3
211,1664,189,0,3
223,1653,1653,4,0
224,1653,223,1,2
225,1653,224,1,2
228,1664,206,0,3
233,1664,211,0,3
234,1653,235,2,1
236,1653,237,2,1
237,1653,238,2,1
247,1625,269,3,0
248,1625,270,3,0
249,1625,271,3,0
250,1625,272,3,0
250,1664,228,0,3
255,1625,277,3,0
255,1664,233,0,3
256,1625,278,3,0
257,1625,279,3,0
258,1625,280,3,0
261,1625,262,2,1
266,1664,288,3,0
269,1625,291,3,0
269,1651,270,2,1
270,1625,292,3,0
270,1651,271,2,1
271,1625,293,3,0
271,1651,272,2,1
272,1651,1651,4,0
272,1664,250,0,3
277,1651,276,1,2
277,1664,255,0,3
278,1651,277,1,2
279,1651,278,1,2
280,1651,279,1,2
283,1625,284,2,1
291,1625,292,2,1
291,1627,313,3,0
292,1625,293,2,1
293,1625,1625,4,0
294,1664,272,0,3
299,1664,277,0,3
305,1625,306,2,1
312,1664,334,3,0
316,1664,294,0,3
321,1664,299,0,3
325,1664,347,3,0
327,1625,328,2,1
332,1597,333,2,1
338,1664,316,0,3
343,1664,321,0,3
349,1625,350,2,1
357,1664,379,3,0
360,1664,338,0,3
365,1664,343,0,3
368,1664,390,3,0
371,1625,372,2,1
376,1625,377,2,1
377,1597,378,2,1
382,1664,360,0,3
387,1664,365,0,3
398,1625,399,2,1
400,1597,401,2,1
402,1664,401,1,2
404,1664,382,0,3
409,1664,387,0,3
411,1664,412,2,1
412,1615,411,1,2
414,1661,436,3,0
421,1625,422,2,1
426,1664,404,0,3
431,1664,409,0,3
443,1625,444,2,1
445,1584,446,2,1
445,1597,423,0,3
446,1584,447,2,1
447,1584,1584,4,0
447,1664,446,1,2
466,1625,467,2,1
476,1614,477,2,1
488,1625,489,2,1
490,1597,468,0,3
491,1622,490,1,2
511,1625,489,0,3
533,1625,511,0,3
535,1597,513,0,3
537,1594,536,1,2
556,1625,534,0,3
558,1597,536,0,3
559,1597,537,0,3
562,1597,540,0,3
578,1625,556,0,3
580,1597,558,0,3
580,1617,579,1,2
581,1597,559,0,3
584,1597,562,0,3
601,1625,579,0,3
606,1597,607,2,1
628,1597,629,2,1
640,1669,662,3,0
650,1597,651,2,1
662,1595,661,1,2
672,1597,673,2,1
694,1597,695,2,1
706,1597,728,3,0
707,1597,729,3,0
708,1597,730,3,0
709,1597,731,3,0
716,1597,717,2,1
728,1597,727,1,2
729,1597,728,1,2
730,1597,729,1,2
731,1597,730,1,2
738,1597,739,2,1
746,1661,768,3,0
792,1614,1614,4,0
793,1614,792,1,1
795,1671,794,1,2
808,1614,809,2,1
809,1614,810,2,1
810,1614,811,2,1
811,1614,812,2,1
812,1614,813,2,1
875,1651,897,3,0
899,1654,900,2,1
921,1654,922,2,1
929,1584,928,1,2
937,1677,938,2,1
943,1654,944,2,1
959,1677,960,2,1
965,1654,966,2,1
981,1677,982,2,1
982,1636,1004,3,0
1003,1677,1004,2,1
1025,1677,1026,2,1
1047,1677,1048,2,1
1061,1640,1083,3,0
1062,1640,1084,3,0
1071,1648,1070,1,2
1074,1640,1075,2,1
1083,1640,1084,2,1
1084,1640,1640,4,0
1105,1640,1083,0,3
1106,1640,1084,0,3
1107,1612,1129,3,0
1118,1667,1140,3,0
1159,1614,1160,2,1
1164,1613,1186,3,0
1209,1680,1208,1,2
1262,1651,1284,3,0
1325,1639,1347,3,0
1336,1639,1358,3,0
1379,1651,1401,3,0
1399,1673,1421,3,0
1421,1673,1443,3,0
1424,1651,1446,3,0
1438,1681,1416,0,3
1443,1673,1465,3,0
1455,1651,1456,2,1
1465,1673,1487,3,0
1469,1651,1468,1,2
1476,1651,1477,2,1
1487,1673,1509,3,0
1492,1651,1491,1,2
1500,1678,1499,1,2
1509,1673,1531,3,0
1510,1678,1511,2,1
1519,1660,1541,3,0
1520,1660,1542,3,0
1521,1660,1543,3,0
1522,1660,1544,3,0
1523,1660,1545,3,0
1531,1673,1553,3,0
1534,1660,1556,3,0
1535,1660,1557,3,0
1536,1660,1558,3,0
1537,1660,1559,3,0
1553,1673,1575,3,0
1575,1673,13,3,3
1584,1652,447,0,4
1584,1659,447,0,4
1584,1663,447,0,4
1584,1664,904,0,4
1594,1597,162,0,4
1596,1631,806,0,4
1597,1594,162,0,4
1598,1625,333,0,4
1603,1625,815,0,4
1604,1676,1410,0,4
1605,1651,269,0,4
1608,1653,1480,0,4
1610,1617,945,0,4
1614,1587,792,0,4
1614,1596,792,0,4
1614,1603,792,0,4
1614,1609,792,0,4
1614,1626,792,0,4
1614,1629,792,0,4
1614,1630,792,0,4
1614,1631,792,0,4
1614,1670,792,0,4
1614,1679,792,0,4
1617,1610,926,0,4
1618,1642,723,0,4
1622,1651,140,0,4
1625,1587,293,0,4
1625,1598,293,0,4
1625,1602,293,0,4
1625,1603,815,0,4
1625,1609,272,0,4
1625,1626,272,0,4
1625,1629,272,0,4
1625,1631,815,0,4
1625,1638,293,0,4
1625,1643,293,0,4
1625,1651,272,0,4
1625,1653,293,0,4
1625,1659,293,0,4
1625,1663,293,0,4
1625,1670,272,0,4
1625,1674,293,0,4
1625,1679,272,0,4
1625,1682,293,0,4
1627,1664,816,0,4
1629,1651,250,0,4
1630,1614,858,0,4
1631,1596,815,0,4
1631,1625,815,0,4
1633,1651,8,0,4
1634,1664,762,0,4
1638,1625,267,0,4
1638,1664,1459,0,4
1639,1664,772,0,4
1642,1618,726,0,4
1649,1664,860,0,4
1651,1605,272,0,4
1651,1608,272,0,4
1651,1611,272,0,4
1651,1622,272,0,4
1651,1623,272,0,4
1651,1625,272,0,4
1651,1629,272,0,4
1651,1633,272,0,4
1651,1638,272,0,4
1651,1657,272,0,4
1651,1668,272,0,4
1651,1671,838,0,4
1651,1673,272,0,4
1651,1674,272,0,4
1653,1608,1480,0,4
1653,1625,311,0,4
1659,1625,374,0,4
1660,1593,1541,0,4
1660,1636,1541,0,4
1660,1640,1541,0,4
1660,1648,1541,0,4
1660,1658,1541,0,4
1660,1662,1541,0,4
1660,1663,1541,0,4
1663,1625,333,0,4
1663,1660,1547,0,4
1664,1584,662,0,4
1664,1599,96,0,4
1664,1601,96,0,4
1664,1603,96,0,4
1664,1609,96,0,4
1664,1626,96,0,4
1664,1627,662,0,4
1664,1629,96,0,4
1664,1630,96,0,4
1664,1631,96,0,4
1664,1634,662,0,4
1664,1635,96,0,4
1664,1638,52,0,4
1664,1639,662,0,4
1664,1649,662,0,4
1664,1653,117,0,4
1664,1668,96,0,4
1664,1670,96,0,4
1664,1674,596,0,4
1664,1679,96,0,4
1664,1683,662,0,4
1666,1610,141,0,4
1666,1673,141,0,4
1669,1680,816,0,4
1671,1651,838,0,4
1673,1592,123,0,4
1673,1636,123,0,4
1673,1641,102,0,4
1673,1655,123,0,4
1673,1662,123,0,4
1673,1675,123,0,4
1674,1651,285,0,4
1674,1664,328,0,4
1676,1604,1410,0,4
1682,1625,307,0,4
1683,1664,750,0,4
