11,1674,12,1,0
74,1664,96,3,0
79,1664,101,3,0
80,1664,102,3,0
81,1664,103,3,0
82,1664,104,3,0
170,1608,192,3,0
182,1605,181,1,2
258,1674,259,2,1
259,1674,260,2,1
260,1674,261,2,1
261,1674,262,2,1
262,1674,1674,4,0
280,1674,258,0,3
281,1674,259,0,3
282,1674,260,0,3
283,1674,261,0,3
284,1674,262,0,3
295,1683,294,1,2
308,1632,330,2,0
313,1624,335,3,0
314,1624,336,3,0
315,1624,337,3,0
325,1628,347,3,0
327,1624,328,2,1
329,1632,308,2,3
331,1632,353,3,0
335,1624,336,2,1
336,1624,337,2,1
337,1624,1624,4,0
342,1683,341,1,2
349,1624,350,2,1
351,1632,330,2,3
353,1632,375,3,0
365,1677,364,1,2
371,1624,372,2,1
372,1632,394,3,0
373,1632,352,2,3
376,1632,398,3,0
390,1659,412,3,0
393,1585,415,3,0
393,1624,394,2,1
393,1632,415,3,0
395,1632,374,2,3
415,1624,416,2,1
417,1632,396,2,3
420,1624,421,2,1
439,1632,418,2,3
442,1624,443,2,1
461,1632,440,2,3
465,1624,466,2,1
476,1634,477,2,1
483,1632,462,2,3
487,1624,488,2,1
499,1634,500,2,1
505,1632,484,2,3
510,1624,511,2,1
527,1632,506,2,3
532,1624,533,2,1
544,1634,522,0,3
549,1632,528,2,3
555,1624,533,0,3
571,1632,550,2,3
573,1585,595,3,0
577,1624,555,0,3
579,1632,578,1,2
586,1632,587,2,1
589,1634,567,0,3
593,1632,572,2,3
600,1624,578,0,3
602,1632,601,1,2
615,1632,594,2,3
618,1634,596,0,3
622,1624,600,0,3
624,1632,623,1,2
634,1634,612,0,3
635,1634,613,0,3
637,1632,616,2,3
645,1624,623,0,3
647,1632,646,1,2
650,1632,651,2,1
659,1632,638,2,3
673,1617,672,1,2
681,1632,660,2,3
692,1632,691,1,2
700,1620,722,3,0
703,1632,682,2,3
724,1661,746,3,0
725,1632,704,2,3
747,1632,726,2,3
753,1594,752,1,2
762,1634,784,3,0
763,1634,785,3,0
764,1634,786,3,0
767,1654,768,2,1
769,1632,748,2,3
770,1661,792,2,0
784,1634,783,1,2
785,1634,784,1,2
786,1634,785,1,2
789,1599,811,3,0
789,1654,790,2,1
791,1632,770,2,3
811,1654,812,2,1
813,1632,792,2,3
833,1654,834,2,1
835,1632,814,2,3
836,1632,1632,4,0
837,1632,836,1,1
838,1632,837,1,2
839,1632,838,1,2
840,1632,839,1,2
840,1677,839,1,2
841,1632,840,1,2
849,1677,850,2,1
852,1632,853,2,1
853,1632,854,2,1
854,1632,855,2,1
855,1632,856,2,1
855,1654,856,2,1
856,1632,857,2,1
857,1632,836,2,3
871,1677,872,2,1
875,1586,897,3,0
877,1654,878,2,1
893,1677,894,2,1
896,1613,895,1,2
915,1677,916,2,1
952,1654,974,3,0
1026,1641,1025,1,2
1052,1621,1053,2,1
1068,1683,1069,2,1
1090,1683,1091,2,1
1112,1683,1113,2,1
1134,1683,1135,2,1
1156,1683,1157,2,1
1164,1613,1163,1,2
1204,1614,1182,0,3
1206,1641,1228,3,0
1261,1677,1283,3,0
1263,1606,1285,3,0
1274,1674,1296,3,0
1296,1674,1318,3,0
1317,1674,1339,3,0
1413,1638,1435,3,0
1414,1638,1436,3,0
1424,1674,1446,3,0
1426,1638,1427,2,1
1435,1638,1436,2,1
1436,1638,1638,4,0
1457,1638,1435,0,3
1458,1638,1436,0,3
1467,1674,1468,2,1
1501,1678,1500,1,2
1510,1674,1511,2,1
1512,1608,1511,1,2
1523,1633,1545,3,0
1531,1674,1532,2,1
1534,1672,1556,3,0
1585,1675,683,0,4
1589,1663,1541,0,4
1590,1639,293,0,4
1594,1634,771,0,4
1597,1624,793,0,4
1597,1634,771,0,4
1599,1627,272,0,4
1599,1668,228,0,4
1600,1624,418,0,4
1602,1624,372,0,4
1604,1638,1410,0,4
1605,1637,356,0,4
1606,1589,1308,0,4
1606,1632,549,0,4
1606,1660,1308,0,4
1609,1624,250,0,4
1611,1638,201,0,4
1612,1634,770,0,4
1613,1632,848,0,4
1613,1674,174,0,4
1614,1634,770,0,4
1615,1617,381,0,4
1617,1615,381,0,4
1617,1681,926,0,4
1620,1634,770,0,4
1621,1638,1433,0,4
1622,1634,161,0,4
1624,1587,337,0,4
1624,1597,794,0,4
1624,1598,337,0,4
1624,1600,337,0,4
1624,1602,337,0,4
1624,1609,250,0,4
1624,1633,772,0,4
1624,1643,337,0,4
1624,1659,337,0,4
1624,1662,337,0,4
1624,1663,337,0,4
1624,1682,337,0,4
1627,1599,272,0,4
1632,1590,836,0,4
1632,1599,836,0,4
1632,1606,836,0,4
1632,1607,836,0,4
1632,1613,836,0,4
1632,1618,836,0,4
1632,1625,836,0,4
1632,1634,836,0,4
1632,1639,836,0,4
1632,1650,836,0,4
1632,1652,836,0,4
1632,1656,836,0,4
1632,1661,836,0,4
1632,1671,836,0,4
1632,1677,836,0,4
1632,1683,836,0,4
1633,1604,1569,0,4
1633,1621,1569,0,4
1633,1624,530,0,4
1633,1644,1569,0,4
1633,1646,1569,0,4
1633,1667,1569,0,4
1633,1676,1569,0,4
1634,1585,783,0,4
1634,1588,783,0,4
1634,1594,783,0,4
1634,1595,783,0,4
1634,1597,783,0,4
1634,1612,783,0,4
1634,1614,783,0,4
1634,1618,783,0,4
1634,1620,783,0,4
1634,1622,239,0,4
1634,1628,783,0,4
1634,1642,783,0,4
1634,1645,783,0,4
1634,1656,283,0,4
1634,1664,239,0,4
1634,1666,783,0,4
1634,1674,261,0,4
1634,1680,283,0,4
1634,1683,827,0,4
1635,1679,859,0,4
1637,1605,359,0,4
1638,1604,1436,0,4
1638,1611,201,0,4
1638,1621,1436,0,4
1638,1640,1436,0,4
1638,1667,1436,0,4
1638,1672,1436,0,4
1638,1676,1436,0,4
1638,1678,1436,0,4
1639,1590,293,0,4
1643,1624,372,0,4
1656,1634,615,0,4
1661,1632,814,0,4
1662,1624,420,0,4
1663,1589,1547,0,4
1664,1588,96,0,4
1664,1612,96,0,4
1664,1628,96,0,4
1664,1632,96,0,4
1664,1634,117,0,4
1664,1642,96,0,4
1664,1645,96,0,4
1666,1634,771,0,4
1667,1638,1454,0,4
1668,1599,233,0,4
1674,1613,262,0,4
1674,1634,262,0,4
1674,1668,262,0,4
1674,1673,262,0,4
1676,1638,1454,0,4
1679,1635,859,0,4
1680,1634,615,0,4
1681,1617,955,0,4
1683,1632,837,0,4
1683,1634,815,0,4
