51,1653,50,1,2
57,1593,58,2,1
71,1612,49,0,3
72,1612,50,0,3
73,1612,51,0,3
74,1612,52,0,3
75,1612,53,0,3
78,1612,56,0,3
79,1593,80,2,1
79,1612,57,0,3
80,1612,58,0,3
81,1612,59,0,3
82,1612,60,0,3
93,1585,115,3,0
94,1585,116,3,0
95,1585,117,3,0
101,1593,102,2,1
107,1585,108,2,1
115,1585,116,2,1
116,1585,117,2,1
117,1585,1585,4,0
123,1593,124,2,1
137,1585,115,0,3
138,1585,116,0,3
139,1585,117,0,3
146,1673,145,1,2
190,1598,189,1,2
220,1612,242,2,0
240,1612,262,3,0
248,1662,226,0,3
265,1612,287,3,0
283,1612,305,3,0
288,1612,310,3,0
304,1612,326,3,0
313,1604,335,3,0
320,1609,319,1,2
322,1639,321,1,2
342,1609,341,1,2
348,1590,349,2,1
356,1604,357,2,1
360,1587,361,2,1
382,1587,383,2,1
404,1587,405,2,1
481,1604,482,2,1
497,1612,498,2,1
503,1604,504,2,1
525,1604,526,2,1
536,1612,535,1,2
540,1612,541,2,1
540,1629,539,1,2
547,1604,548,2,1
559,1612,558,1,2
561,1612,562,2,1
569,1604,570,2,1
591,1604,592,2,1
613,1604,614,2,1
634,1678,635,2,1
635,1604,636,2,1
656,1678,657,2,1
657,1604,658,2,1
664,1652,1652,4,0
665,1652,664,1,2
668,1627,667,1,2
676,1652,677,2,1
678,1678,679,2,1
679,1604,680,2,1
700,1678,701,2,1
701,1604,702,2,1
722,1678,723,2,1
723,1604,724,2,1
727,1620,705,0,3
728,1620,706,0,3
729,1620,707,0,3
730,1620,708,0,3
731,1620,709,0,3
744,1678,745,2,1
745,1604,746,2,1
749,1620,727,0,3
750,1620,728,0,3
751,1620,729,0,3
752,1620,730,0,3
753,1620,731,0,3
759,1606,760,2,1
766,1678,767,2,1
767,1604,768,2,1
771,1620,770,1,1
771,1651,793,3,0
772,1620,771,1,2
773,1620,772,1,2
774,1620,773,1,2
775,1620,774,1,2
777,1608,776,1,2
781,1620,782,2,1
784,1608,785,2,1
788,1678,789,2,1
789,1604,790,2,1
793,1627,815,3,0
797,1604,819,3,0
798,1604,820,3,0
799,1604,821,3,0
799,1608,798,1,2
803,1620,804,2,1
805,1677,806,2,1
806,1608,807,2,1
810,1678,811,2,1
811,1604,812,2,1
819,1604,820,2,1
820,1604,821,2,1
821,1604,1604,4,0
821,1608,820,1,2
825,1620,826,2,1
828,1608,827,1,2
829,1608,830,2,1
829,1611,851,3,0
832,1678,833,2,1
836,1661,1661,4,0
841,1604,819,0,3
842,1604,820,0,3
843,1604,821,0,3
843,1608,842,1,2
847,1620,848,2,1
850,1608,849,1,2
852,1661,853,2,1
853,1661,854,2,1
854,1661,855,2,1
854,1678,855,2,1
855,1661,856,2,1
856,1661,857,2,1
865,1608,864,1,2
869,1620,870,2,1
872,1608,871,1,2
874,1608,852,0,3
876,1678,877,2,1
887,1608,886,1,2
891,1620,892,2,1
894,1608,893,1,2
897,1608,875,0,3
898,1678,899,2,1
903,1601,881,0,3
904,1601,882,0,3
905,1601,883,0,3
906,1601,884,0,3
907,1601,885,0,3
907,1660,885,0,3
908,1660,886,0,3
909,1608,908,1,2
909,1660,887,0,3
910,1660,888,0,3
911,1643,933,3,0
911,1660,889,0,3
912,1681,934,3,0
913,1620,914,2,1
913,1681,935,3,0
914,1660,892,0,3
914,1681,936,3,0
915,1660,893,0,3
915,1681,937,3,0
916,1608,915,1,2
916,1660,894,0,3
916,1681,938,3,0
917,1660,895,0,3
917,1681,939,3,0
918,1660,896,0,3
918,1681,940,3,0
919,1608,897,0,3
920,1678,921,2,1
925,1601,924,1,1
931,1608,930,1,2
933,1660,911,0,3
935,1601,936,2,1
935,1620,936,2,1
936,1660,914,0,3
938,1608,937,1,2
942,1678,943,2,1
947,1601,946,1,1
948,1601,947,1,2
949,1601,948,1,2
950,1601,949,1,2
951,1601,950,1,2
953,1608,952,1,2
955,1660,933,0,3
957,1601,958,2,1
957,1620,958,2,1
958,1660,936,0,3
960,1608,959,1,2
964,1678,965,2,1
975,1608,974,1,2
977,1660,955,0,3
979,1620,980,2,1
980,1660,958,0,3
981,1676,980,1,2
982,1608,981,1,2
986,1678,987,2,1
997,1608,996,1,2
999,1660,977,0,3
1001,1620,1002,2,1
1002,1660,980,0,3
1004,1608,1003,1,2
1008,1678,1009,2,1
1019,1608,1018,1,2
1021,1660,999,0,3
1023,1620,1024,2,1
1024,1660,1002,0,3
1026,1608,1025,1,2
1030,1678,1031,2,1
1041,1608,1040,1,2
1043,1660,1021,0,3
1046,1660,1024,0,3
1048,1608,1047,1,2
1052,1678,1053,2,1
1057,1660,1079,3,0
1061,1678,1083,3,0
1062,1678,1084,3,0
1063,1608,1062,1,2
1065,1660,1043,0,3
1068,1660,1046,0,3
1070,1608,1069,1,2
1074,1678,1075,2,1
1075,1660,1097,3,0
1080,1660,1102,3,0
1083,1678,1084,2,1
1084,1678,1678,4,0
1085,1608,1084,1,2
1087,1660,1065,0,3
1090,1660,1068,0,3
1092,1608,1091,1,2
1096,1660,1118,3,0
1098,1589,1120,3,0
1105,1678,1083,0,3
1106,1678,1084,0,3
1107,1608,1106,1,2
1107,1620,1129,3,0
1109,1660,1087,0,3
1112,1660,1090,0,3
1114,1608,1113,1,2
1125,1660,1147,3,0
1129,1608,1128,1,2
1131,1660,1109,0,3
1134,1660,1112,0,3
1136,1608,1135,1,2
1139,1660,1161,3,0
1151,1608,1150,1,2
1153,1660,1131,0,3
1156,1660,1134,0,3
1158,1608,1157,1,2
1171,1620,1193,3,0
1173,1608,1172,1,2
1175,1660,1153,0,3
1178,1660,1156,0,3
1180,1608,1179,1,2
1195,1608,1194,1,2
1197,1660,1175,0,3
1200,1660,1178,0,3
1202,1608,1201,1,2
1214,1620,1215,2,1
1217,1608,1216,1,2
1219,1660,1197,0,3
1222,1660,1200,0,3
1224,1608,1223,1,2
1239,1608,1238,1,2
1241,1660,1219,0,3
1244,1660,1222,0,3
1246,1608,1245,1,2
1261,1608,1260,1,2
1263,1660,1241,0,3
1266,1660,1244,0,3
1268,1608,1267,1,2
1279,1640,1301,3,0
1283,1608,1282,1,2
1285,1660,1263,0,3
1288,1660,1266,0,3
1290,1608,1289,1,2
1293,1640,1315,3,0
1301,1640,1323,3,0
1305,1608,1304,1,2
1306,1667,1284,0,3
1307,1660,1285,0,3
1310,1660,1288,0,3
1312,1608,1311,1,2
1315,1640,1337,3,0
1323,1640,1345,3,0
1327,1608,1326,1,2
1328,1660,1327,1,2
1332,1660,1333,2,1
1334,1608,1333,1,2
1337,1640,1359,3,0
1345,1640,1367,3,0
1349,1608,1348,1,2
1356,1608,1355,1,2
1359,1640,1381,3,0
1361,1668,1360,1,2
1367,1640,1389,3,0
1371,1608,1370,1,2
1378,1608,1377,1,2
1380,1640,1402,3,0
1381,1640,1403,3,0
1389,1640,1640,4,0
1393,1608,1392,1,2
1400,1608,1399,1,2
1402,1640,1403,2,1
1402,1676,1424,3,0
1403,1640,1404,2,1
1405,1661,1383,0,3
1411,1640,1389,0,3
1415,1608,1414,1,2
1423,1608,1445,3,0
1424,1608,1446,3,0
1424,1640,1402,0,3
1425,1640,1403,0,3
1437,1608,1436,1,2
1444,1608,1443,1,2
1445,1608,1444,1,2
1446,1608,1445,1,2
1452,1659,1453,1,1
1459,1608,1458,1,2
1466,1608,1465,1,2
1535,1654,1557,3,0
1536,1598,1537,2,1
1584,1601,860,0,4
1585,1605,117,0,4
1585,1608,117,0,4
1585,1611,117,0,4
1585,1613,117,0,4
1585,1616,117,0,4
1585,1623,117,0,4
1585,1657,117,0,4
1585,1681,117,0,4
1586,1651,838,0,4
1588,1628,74,0,4
1589,1601,866,0,4
1594,1612,727,0,4
1594,1620,97,0,4
1597,1620,97,0,4
1599,1620,815,0,4
1601,1584,881,0,4
1601,1589,881,0,4
1601,1591,946,0,4
1601,1616,946,0,4
1601,1617,946,0,4
1601,1641,946,0,4
1601,1644,946,0,4
1601,1646,946,0,4
1601,1649,881,0,4
1601,1667,881,0,4
1601,1676,881,0,4
1601,1681,946,0,4
1603,1667,881,0,4
1604,1585,821,0,4
1604,1588,821,0,4
1604,1590,821,0,4
1604,1594,821,0,4
1604,1595,821,0,4
1604,1597,821,0,4
1604,1599,821,0,4
1604,1607,821,0,4
1604,1612,821,0,4
1604,1614,821,0,4
1604,1620,821,0,4
1604,1622,821,0,4
1604,1624,821,0,4
1604,1625,821,0,4
1604,1627,821,0,4
1604,1628,821,0,4
1604,1637,821,0,4
1604,1639,821,0,4
1604,1642,821,0,4
1604,1645,821,0,4
1604,1652,821,0,4
1604,1661,821,0,4
1604,1664,821,0,4
1604,1665,821,0,4
1604,1666,821,0,4
1604,1669,821,0,4
1604,1671,821,0,4
1604,1677,821,0,4
1604,1683,821,0,4
1608,1600,1436,0,4
1608,1606,1436,0,4
1608,1618,1436,0,4
1608,1650,1436,0,4
1608,1655,1436,0,4
1608,1656,1436,0,4
1608,1659,267,0,4
1608,1680,1436,0,4
1611,1585,114,0,4
1611,1619,136,0,4
1612,1585,53,0,4
1612,1594,726,0,4
1612,1605,53,0,4
1612,1610,53,0,4
1612,1613,53,0,4
1612,1616,53,0,4
1612,1622,53,0,4
1612,1630,770,0,4
1612,1632,770,0,4
1612,1647,53,0,4
1612,1657,53,0,4
1612,1666,726,0,4
1612,1668,53,0,4
1612,1673,53,0,4
1612,1681,53,0,4
1613,1677,847,0,4
1618,1660,723,0,4
1619,1611,141,0,4
1619,1631,880,0,4
1620,1584,770,0,4
1620,1586,770,0,4
1620,1590,770,0,4
1620,1591,770,0,4
1620,1594,97,0,4
1620,1597,97,0,4
1620,1599,770,0,4
1620,1603,770,0,4
1620,1604,770,0,4
1620,1607,770,0,4
1620,1609,770,0,4
1620,1615,770,0,4
1620,1617,770,0,4
1620,1624,770,0,4
1620,1625,770,0,4
1620,1626,770,0,4
1620,1627,770,0,4
1620,1629,770,0,4
1620,1631,770,0,4
1620,1635,770,0,4
1620,1637,705,0,4
1620,1639,705,0,4
1620,1649,770,0,4
1620,1651,770,0,4
1620,1652,705,0,4
1620,1660,770,0,4
1620,1665,770,0,4
1620,1666,97,0,4
1620,1667,31,0,4
1620,1669,770,0,4
1620,1670,770,0,4
1620,1671,770,0,4
1620,1676,770,0,4
1620,1677,770,0,4
1620,1679,770,0,4
1620,1683,770,0,4
1627,1594,859,0,4
1627,1597,859,0,4
1627,1604,816,0,4
1627,1614,859,0,4
1627,1637,816,0,4
1627,1661,859,0,4
1627,1666,859,0,4
1628,1588,74,0,4
1630,1612,858,0,4
1631,1619,881,0,4
1632,1612,836,0,4
1637,1604,795,0,4
1637,1620,729,0,4
1637,1627,816,0,4
1638,1672,1436,0,4
1640,1604,1389,0,4
1640,1676,1389,0,4
1641,1660,1563,0,4
1643,1660,958,0,4
1651,1586,838,0,4
1651,1612,859,0,4
1651,1620,859,0,4
1652,1585,664,0,4
1652,1622,664,0,4
1652,1656,664,0,4
1652,1664,664,0,4
1655,1608,1439,0,4
1656,1608,1440,0,4
1657,1585,115,0,4
1659,1608,396,0,4
1660,1587,845,0,4
1660,1600,845,0,4
1660,1602,845,0,4
1660,1606,845,0,4
1660,1610,866,0,4
1660,1616,845,0,4
1660,1618,845,0,4
1660,1641,1497,0,4
1660,1643,845,0,4
1660,1650,845,0,4
1660,1659,845,0,4
1660,1674,845,0,4
1660,1681,845,0,4
1660,1682,845,0,4
1661,1587,836,0,4
1661,1602,836,0,4
1661,1632,836,0,4
1661,1634,836,0,4
1661,1643,836,0,4
1665,1604,816,0,4
1666,1612,727,0,4
1666,1620,97,0,4
1667,1601,888,0,4
1667,1603,888,0,4
1667,1606,932,0,4
1667,1620,1541,0,4
1669,1604,795,0,4
1671,1604,816,0,4
1672,1638,1433,0,4
1676,1601,865,0,4
1676,1640,1388,0,4
1677,1604,816,0,4
1677,1613,838,0,4
1678,1584,1084,0,4
1678,1586,1084,0,4
1678,1590,1084,0,4
1678,1591,1084,0,4
1678,1601,1084,0,4
1678,1603,1084,0,4
1678,1607,1084,0,4
1678,1609,1084,0,4
1678,1615,1084,0,4
1678,1617,1084,0,4
1678,1624,1084,0,4
1678,1626,1084,0,4
1678,1627,1084,0,4
1678,1629,1084,0,4
1678,1631,1084,0,4
1678,1635,1084,0,4
1678,1637,1084,0,4
1678,1639,1084,0,4
1678,1649,1084,0,4
1678,1651,1084,0,4
1678,1652,1084,0,4
1678,1665,1084,0,4
1678,1669,1084,0,4
1678,1670,1084,0,4
1678,1671,1084,0,4
1678,1677,1084,0,4
1678,1679,1084,0,4
1681,1596,934,0,4
1681,1634,934,0,4
1683,1604,815,0,4
