12,1585,34,2,0
12,1586,34,2,0
12,1588,34,2,0
12,1594,34,2,0
12,1597,34,2,0
12,1599,34,2,0
12,1603,34,2,0
12,1609,34,2,0
12,1624,34,2,0
12,1625,34,2,0
12,1626,34,2,0
12,1628,34,2,0
12,1629,34,2,0
12,1631,34,2,0
12,1635,34,2,0
12,1642,34,2,0
12,1645,34,2,0
12,1651,34,2,0
12,1666,34,2,0
12,1670,34,2,0
12,1679,34,2,0
12,1683,34,2,0
56,1586,78,3,0
56,1594,78,3,0
56,1597,78,3,0
56,1599,78,3,0
56,1603,78,3,0
56,1609,78,3,0
56,1624,78,3,0
56,1625,78,3,0
56,1626,78,3,0
56,1629,78,3,0
56,1631,78,3,0
56,1635,78,3,0
56,1651,78,3,0
56,1666,78,3,0
56,1670,78,3,0
56,1679,78,3,0
56,1683,78,3,0
100,1586,122,3,0
100,1594,122,3,0
100,1599,122,3,0
100,1603,122,3,0
100,1609,122,3,0
100,1624,122,3,0
100,1625,122,3,0
100,1626,122,3,0
100,1629,122,3,0
100,1631,122,3,0
100,1635,122,3,0
100,1651,122,3,0
100,1666,122,3,0
100,1670,122,3,0
100,1679,122,3,0
100,1683,122,3,0
144,1586,166,3,0
144,1599,166,3,0
144,1603,166,3,0
144,1609,166,3,0
144,1624,166,3,0
144,1625,166,3,0
144,1626,166,3,0
144,1629,166,3,0
144,1631,166,3,0
144,1635,166,3,0
144,1651,166,3,0
144,1670,166,3,0
144,1679,166,3,0
144,1683,166,3,0
148,1661,147,1,2
188,1586,210,3,0
188,1603,210,3,0
188,1609,210,3,0
188,1624,210,3,0
188,1626,210,3,0
188,1629,210,3,0
188,1631,210,3,0
188,1635,210,3,0
188,1651,210,3,0
188,1670,210,3,0
188,1679,210,3,0
232,1586,254,3,0
232,1635,254,3,0
232,1651,254,3,0
269,1601,270,2,1
270,1601,271,2,1
271,1601,272,2,1
272,1601,273,2,1
273,1601,1601,4,0
276,1660,298,3,0
276,1667,298,3,0
302,1653,324,3,0
320,1589,342,3,0
320,1646,342,3,0
320,1660,342,3,0
320,1667,342,3,0
364,1589,386,3,0
364,1641,386,3,0
364,1646,386,3,0
364,1660,386,3,0
364,1667,386,3,0
408,1589,430,3,0
408,1641,430,3,0
408,1646,430,3,0
408,1660,430,3,0
408,1667,430,3,0
428,1601,427,1,2
450,1601,449,1,2
452,1589,474,3,0
452,1641,474,3,0
452,1646,474,3,0
452,1660,474,3,0
452,1667,474,3,0
455,1641,477,3,0
464,1601,465,2,1
472,1601,471,1,2
494,1601,493,1,2
496,1589,518,3,0
496,1641,518,3,0
496,1646,518,3,0
496,1660,518,3,0
496,1667,518,3,0
516,1601,515,1,2
538,1601,537,1,2
540,1589,562,3,0
540,1641,562,3,0
540,1646,562,3,0
540,1660,562,3,0
540,1667,562,3,0
553,1617,575,3,0
560,1601,559,1,2
574,1617,575,2,1
579,1602,601,3,0
582,1601,581,1,2
584,1589,606,3,0
584,1641,606,3,0
584,1646,606,3,0
584,1660,606,3,0
584,1667,606,3,0
591,1617,592,2,1
596,1617,597,2,1
598,1617,620,3,0
604,1601,603,1,2
611,1617,633,3,0
613,1617,614,2,1
618,1617,619,2,1
626,1601,625,1,2
628,1589,650,3,0
628,1641,650,3,0
628,1646,650,3,0
628,1660,650,3,0
628,1667,650,3,0
635,1617,636,2,1
640,1617,641,2,1
643,1617,665,3,0
648,1601,647,1,2
654,1617,676,3,0
657,1617,658,2,1
662,1617,663,2,1
670,1601,669,1,2
672,1589,694,3,0
672,1641,694,3,0
672,1646,694,3,0
672,1660,694,3,0
672,1667,694,3,0
679,1617,680,2,1
684,1617,685,2,1
688,1617,687,1,2
692,1601,691,1,2
697,1617,698,2,1
701,1617,702,2,1
706,1617,707,2,1
714,1601,713,1,2
716,1589,738,3,0
716,1641,738,3,0
716,1646,738,3,0
716,1660,738,3,0
716,1667,738,3,0
723,1617,724,2,1
728,1617,729,2,1
733,1617,732,1,2
734,1617,733,1,2
740,1617,741,2,1
745,1617,746,2,1
750,1617,751,2,1
760,1589,782,3,0
760,1641,782,3,0
760,1646,782,3,0
760,1660,782,3,0
760,1667,782,3,0
767,1617,768,2,1
772,1617,773,2,1
789,1617,790,2,1
794,1617,795,2,1
804,1589,826,3,0
804,1641,826,3,0
804,1646,826,3,0
804,1660,826,3,0
804,1667,826,3,0
811,1617,812,2,1
816,1617,817,2,1
833,1617,834,2,1
838,1617,839,2,1
839,1617,1617,4,0
840,1617,839,1,2
841,1617,840,1,2
848,1589,870,3,0
848,1641,870,3,0
848,1646,870,3,0
852,1617,853,2,1
853,1617,854,2,1
854,1617,855,2,1
855,1617,856,2,1
892,1592,914,3,0
892,1641,914,3,0
892,1662,914,3,0
892,1675,914,3,0
894,1618,895,2,1
936,1592,958,3,0
936,1636,958,3,0
936,1662,958,3,0
936,1666,937,2,1
936,1675,958,3,0
940,1646,939,1,2
958,1666,959,2,1
977,1618,999,3,0
980,1592,1002,3,0
980,1618,1002,3,0
980,1636,1002,3,0
980,1662,1002,3,0
980,1666,981,2,1
980,1675,1002,3,0
999,1587,1000,2,1
999,1618,1021,3,0
1002,1618,1024,3,0
1002,1666,1003,2,1
1021,1618,1043,3,0
1024,1592,1046,3,0
1024,1595,1046,3,0
1024,1618,1046,3,0
1024,1636,1046,3,0
1024,1662,1046,3,0
1024,1666,1025,2,1
1024,1675,1046,3,0
1043,1618,1065,3,0
1043,1643,1044,2,1
1046,1618,1068,3,0
1046,1666,1047,2,1
1052,1618,1030,0,3
1054,1618,1053,1,2
1065,1618,1087,3,0
1068,1585,1090,3,0
1068,1588,1090,3,0
1068,1592,1090,3,0
1068,1595,1090,3,0
1068,1618,1090,3,0
1068,1628,1090,3,0
1068,1636,1090,3,0
1068,1642,1090,3,0
1068,1645,1090,3,0
1068,1662,1090,3,0
1068,1675,1090,3,0
1087,1618,1109,3,0
1090,1618,1112,3,0
1109,1618,1131,3,0
1112,1585,1134,3,0
1112,1588,1134,3,0
1112,1592,1134,3,0
1112,1595,1134,3,0
1112,1597,1134,3,0
1112,1618,1134,3,0
1112,1628,1134,3,0
1112,1636,1134,3,0
1112,1642,1134,3,0
1112,1645,1134,3,0
1112,1662,1134,3,0
1112,1675,1134,3,0
1131,1618,1153,3,0
1134,1618,1156,3,0
1153,1618,1175,3,0
1156,1585,1178,3,0
1156,1588,1178,3,0
1156,1592,1178,3,0
1156,1594,1178,3,0
1156,1595,1178,3,0
1156,1597,1178,3,0
1156,1618,1178,3,0
1156,1628,1178,3,0
1156,1636,1178,3,0
1156,1642,1178,3,0
1156,1645,1178,3,0
1156,1662,1178,3,0
1156,1666,1178,3,0
1156,1675,1178,3,0
1175,1618,1197,3,0
1178,1618,1200,3,0
1197,1618,1219,3,0
1200,1585,1222,3,0
1200,1588,1222,3,0
1200,1592,1222,3,0
1200,1594,1222,3,0
1200,1595,1222,3,0
1200,1597,1222,3,0
1200,1599,1222,3,0
1200,1618,1222,3,0
1200,1625,1222,3,0
1200,1628,1222,3,0
1200,1636,1222,3,0
1200,1642,1222,3,0
1200,1645,1222,3,0
1200,1662,1222,3,0
1200,1666,1222,3,0
1200,1675,1222,3,0
1200,1683,1222,3,0
1219,1618,1241,3,0
1222,1618,1244,3,0
1223,1618,1245,3,0
1224,1618,1246,3,0
1225,1618,1247,3,0
1226,1618,1248,3,0
1244,1585,1266,3,0
1244,1588,1266,3,0
1244,1592,1266,3,0
1244,1594,1266,3,0
1244,1595,1266,3,0
1244,1597,1266,3,0
1244,1599,1266,3,0
1244,1603,1266,3,0
1244,1609,1266,3,0
1244,1624,1266,3,0
1244,1625,1266,3,0
1244,1626,1266,3,0
1244,1628,1266,3,0
1244,1629,1266,3,0
1244,1631,1266,3,0
1244,1636,1266,3,0
1244,1642,1266,3,0
1244,1645,1266,3,0
1244,1662,1266,3,0
1244,1666,1266,3,0
1244,1670,1266,3,0
1244,1675,1266,3,0
1244,1679,1266,3,0
1244,1683,1266,3,0
1288,1585,1310,3,0
1288,1586,1310,3,0
1288,1588,1310,3,0
1288,1592,1310,3,0
1288,1594,1310,3,0
1288,1595,1310,3,0
1288,1597,1310,3,0
1288,1599,1310,3,0
1288,1603,1310,3,0
1288,1609,1310,3,0
1288,1624,1310,3,0
1288,1625,1310,3,0
1288,1626,1310,3,0
1288,1628,1310,3,0
1288,1629,1310,3,0
1288,1631,1310,3,0
1288,1635,1310,3,0
1288,1636,1310,3,0
1288,1642,1310,3,0
1288,1645,1310,3,0
1288,1651,1310,3,0
1288,1662,1310,3,0
1288,1666,1310,3,0
1288,1670,1310,3,0
1288,1675,1310,3,0
1288,1679,1310,3,0
1288,1683,1310,3,0
1289,1584,1290,2,1
1303,1606,1325,3,0
1304,1606,1326,3,0
1305,1606,1327,3,0
1306,1606,1328,3,0
1307,1606,1329,3,0
1308,1606,1330,3,0
1309,1606,1331,3,0
1310,1606,1332,3,0
1311,1584,1312,2,1
1311,1606,1333,3,0
1312,1606,1334,3,0
1313,1606,1335,3,0
1314,1606,1336,3,0
1323,1640,1345,3,0
1332,1585,1354,3,0
1332,1586,1354,3,0
1332,1588,1354,3,0
1332,1592,1354,3,0
1332,1594,1354,3,0
1332,1595,1354,3,0
1332,1597,1354,3,0
1332,1599,1354,3,0
1332,1603,1354,3,0
1332,1609,1354,3,0
1332,1624,1354,3,0
1332,1625,1354,3,0
1332,1626,1354,3,0
1332,1628,1354,3,0
1332,1629,1354,3,0
1332,1631,1354,3,0
1332,1635,1354,3,0
1332,1636,1354,3,0
1332,1642,1354,3,0
1332,1645,1354,3,0
1332,1651,1354,3,0
1332,1662,1354,3,0
1332,1666,1354,3,0
1332,1670,1354,3,0
1332,1675,1354,3,0
1332,1679,1354,3,0
1332,1683,1354,3,0
1333,1584,1334,2,1
1355,1584,1356,2,1
1376,1585,1398,3,0
1376,1586,1398,3,0
1376,1588,1398,3,0
1376,1592,1398,3,0
1376,1594,1398,3,0
1376,1595,1398,3,0
1376,1597,1398,3,0
1376,1599,1398,3,0
1376,1603,1398,3,0
1376,1609,1398,3,0
1376,1624,1398,3,0
1376,1625,1398,3,0
1376,1626,1398,3,0
1376,1628,1398,3,0
1376,1629,1398,3,0
1376,1631,1398,3,0
1376,1635,1398,3,0
1376,1636,1398,3,0
1376,1642,1398,3,0
1376,1645,1398,3,0
1376,1651,1398,3,0
1376,1662,1398,3,0
1376,1666,1398,3,0
1376,1670,1398,3,0
1376,1675,1398,3,0
1376,1679,1398,3,0
1376,1683,1398,3,0
1420,1585,1442,3,0
1420,1586,1442,3,0
1420,1588,1442,3,0
1420,1592,1442,3,0
1420,1594,1442,3,0
1420,1595,1442,3,0
1420,1597,1442,3,0
1420,1599,1442,3,0
1420,1603,1442,3,0
1420,1609,1442,3,0
1420,1624,1442,3,0
1420,1625,1442,3,0
1420,1626,1442,3,0
1420,1628,1442,3,0
1420,1629,1442,3,0
1420,1631,1442,3,0
1420,1635,1442,3,0
1420,1636,1442,3,0
1420,1642,1442,3,0
1420,1645,1442,3,0
1420,1651,1442,3,0
1420,1662,1442,3,0
1420,1666,1442,3,0
1420,1670,1442,3,0
1420,1675,1442,3,0
1420,1679,1442,3,0
1420,1683,1442,3,0
1450,1647,1428,0,3
1464,1585,1486,3,0
1464,1586,1486,3,0
1464,1588,1486,3,0
1464,1594,1486,3,0
1464,1595,1486,3,0
1464,1597,1486,3,0
1464,1599,1486,3,0
1464,1603,1486,3,0
1464,1609,1486,3,0
1464,1624,1486,3,0
1464,1625,1486,3,0
1464,1626,1486,3,0
1464,1628,1486,3,0
1464,1629,1486,3,0
1464,1631,1486,3,0
1464,1635,1486,3,0
1464,1636,1486,3,0
1464,1642,1486,3,0
1464,1645,1486,3,0
1464,1651,1486,3,0
1464,1655,1463,1,2
1464,1666,1486,3,0
1464,1670,1486,3,0
1464,1679,1486,3,0
1464,1683,1486,3,0
1478,1672,1456,0,3
1479,1672,1457,0,3
1500,1672,1478,0,3
1501,1672,1479,0,3
1508,1585,1530,3,0
1508,1586,1530,3,0
1508,1588,1530,3,0
1508,1594,1530,3,0
1508,1595,1530,3,0
1508,1597,1530,3,0
1508,1599,1530,3,0
1508,1603,1530,3,0
1508,1609,1530,3,0
1508,1624,1530,3,0
1508,1625,1530,3,0
1508,1626,1530,3,0
1508,1628,1530,3,0
1508,1629,1530,3,0
1508,1631,1530,3,0
1508,1635,1530,3,0
1508,1642,1530,3,0
1508,1645,1530,3,0
1508,1651,1530,3,0
1508,1666,1530,3,0
1508,1670,1530,3,0
1508,1679,1530,3,0
1508,1683,1530,3,0
1511,1611,1510,1,2
1522,1672,1521,1,2
1523,1672,1522,1,2
1532,1672,1533,2,1
1552,1585,1574,3,0
1552,1586,1574,3,0
1552,1588,1574,3,0
1552,1594,1574,3,0
1552,1595,1574,3,0
1552,1597,1574,3,0
1552,1599,1574,3,0
1552,1603,1574,3,0
1552,1609,1574,3,0
1552,1624,1574,3,0
1552,1625,1574,3,0
1552,1626,1574,3,0
1552,1628,1574,3,0
1552,1629,1574,3,0
1552,1631,1574,3,0
1552,1635,1574,3,0
1552,1642,1574,3,0
1552,1645,1574,3,0
1552,1651,1574,3,0
1552,1666,1574,3,0
1552,1670,1574,3,0
1552,1679,1574,3,0
1552,1683,1574,3,0
1584,1671,904,0,4
1592,1655,1461,0,4
1592,1672,1482,0,4
1594,1632,141,0,4
1596,1632,893,0,4
1599,1609,250,0,4
1601,1586,273,0,4
1601,1590,273,0,4
1601,1598,273,0,4
1601,1600,273,0,4
1601,1603,273,0,4
1601,1607,273,0,4
1601,1609,273,0,4
1601,1626,273,0,4
1601,1629,273,0,4
1601,1631,273,0,4
1601,1635,273,0,4
1601,1651,273,0,4
1601,1659,273,0,4
1601,1665,273,0,4
1601,1669,273,0,4
1601,1670,273,0,4
1601,1677,273,0,4
1601,1682,273,0,4
1607,1679,816,0,4
1609,1599,250,0,4
1609,1601,273,0,4
1611,1672,1567,0,4
1612,1620,75,0,4
1613,1619,153,0,4
1616,1622,88,0,4
1617,1585,839,0,4
1617,1588,839,0,4
1617,1594,839,0,4
1617,1595,839,0,4
1617,1597,839,0,4
1617,1599,839,0,4
1617,1603,839,0,4
1617,1612,839,0,4
1617,1614,839,0,4
1617,1618,839,0,4
1617,1619,839,0,4
1617,1620,839,0,4
1617,1622,839,0,4
1617,1624,839,0,4
1617,1625,839,0,4
1617,1628,839,0,4
1617,1631,839,0,4
1617,1634,839,0,4
1617,1637,839,0,4
1617,1639,839,0,4
1617,1642,839,0,4
1617,1645,839,0,4
1617,1652,839,0,4
1617,1656,839,0,4
1617,1661,839,0,4
1617,1664,839,0,4
1617,1666,839,0,4
1617,1669,839,0,4
1617,1680,839,0,4
1617,1683,839,0,4
1618,1589,1245,0,4
1618,1602,1245,0,4
1618,1616,1266,0,4
1618,1641,1266,0,4
1618,1643,1266,0,4
1618,1660,1245,0,4
1618,1667,1245,0,4
1618,1674,1266,0,4
1618,1681,1245,0,4
1618,1682,1266,0,4
1619,1613,163,0,4
1620,1612,75,0,4
1621,1678,1107,0,4
1622,1616,96,0,4
1622,1617,662,0,4
1624,1617,838,0,4
1625,1617,794,0,4
1626,1601,273,0,4
1629,1601,273,0,4
1632,1594,142,0,4
1632,1596,923,0,4
1633,1672,29,0,4
1637,1617,839,0,4
1639,1617,838,0,4
1648,1660,1564,0,4
1652,1617,839,0,4
1653,1672,1459,0,4
1655,1592,1461,0,4
1660,1648,1541,0,4
1660,1670,845,0,4
1662,1672,1482,0,4
1664,1617,662,0,4
1665,1601,294,0,4
1669,1601,316,0,4
1669,1617,839,0,4
1670,1601,273,0,4
1670,1660,838,0,4
1671,1584,838,0,4
1672,1592,1456,0,4
1672,1598,1521,0,4
1672,1608,1456,0,4
1672,1611,3,0,4
1672,1633,3,0,4
1672,1636,1521,0,4
1672,1653,1456,0,4
1672,1662,1456,0,4
1672,1663,1521,0,4
1672,1675,1521,0,4
1678,1621,1107,0,4
1679,1607,838,0,4
