9,1643,1571,3,3
11,1643,1573,3,3
19,1606,41,2,0
40,1606,62,3,0
83,1606,105,3,0
117,1622,139,3,0
118,1622,140,3,0
123,1622,145,3,0
124,1622,146,3,0
125,1622,147,3,0
126,1606,148,3,0
126,1622,148,3,0
169,1606,170,2,1
190,1619,189,1,2
233,1606,234,2,1
273,1636,272,1,2
276,1606,277,2,1
297,1606,298,2,1
317,1683,316,1,2
602,1617,601,1,2
624,1647,602,0,3
871,1598,870,1,2
874,1586,896,3,0
888,1598,887,1,2
893,1598,892,1,2
910,1598,909,1,2
915,1598,914,1,2
916,1598,917,2,1
932,1598,931,1,2
937,1598,936,1,2
939,1598,940,2,1
954,1598,953,1,2
959,1598,958,1,2
961,1598,962,2,1
969,1643,970,2,1
973,1643,995,3,0
974,1643,996,3,0
975,1643,997,3,0
976,1598,975,1,2
976,1643,998,3,0
977,1643,999,3,0
979,1643,1001,3,0
981,1598,980,1,2
984,1598,962,0,3
991,1643,992,2,1
995,1643,996,2,1
996,1643,997,2,1
997,1643,998,2,1
998,1598,997,1,2
998,1643,999,2,1
1001,1643,1643,4,0
1003,1598,1002,1,2
1013,1643,1014,2,1
1017,1643,995,0,3
1018,1643,996,0,3
1019,1643,997,0,3
1020,1598,1019,1,2
1020,1643,998,0,3
1021,1643,999,0,3
1023,1643,1001,0,3
1025,1598,1024,1,2
1029,1598,1007,0,3
1035,1643,1036,2,1
1042,1598,1041,1,2
1043,1643,1021,0,3
1045,1643,1023,0,3
1047,1598,1046,1,2
1052,1598,1030,0,3
1057,1643,1058,2,1
1064,1598,1063,1,2
1065,1643,1043,0,3
1067,1643,1045,0,3
1069,1598,1068,1,2
1074,1598,1052,0,3
1079,1643,1080,2,1
1086,1598,1085,1,2
1087,1643,1065,0,3
1089,1643,1067,0,3
1091,1598,1090,1,2
1101,1643,1102,2,1
1105,1672,1127,3,0
1106,1672,1128,3,0
1108,1598,1107,1,2
1109,1643,1087,0,3
1111,1643,1089,0,3
1113,1598,1112,1,2
1118,1672,1119,2,1
1123,1643,1124,2,1
1127,1672,1128,2,1
1128,1672,1672,4,0
1130,1598,1129,1,2
1131,1643,1109,0,3
1133,1643,1111,0,3
1135,1598,1134,1,2
1145,1643,1146,2,1
1149,1672,1127,0,3
1150,1672,1128,0,3
1152,1598,1151,1,2
1153,1643,1131,0,3
1155,1643,1133,0,3
1157,1598,1156,1,2
1167,1643,1168,2,1
1167,1681,1168,2,1
1174,1598,1173,1,2
1175,1643,1153,0,3
1177,1643,1155,0,3
1179,1598,1178,1,2
1189,1643,1190,2,1
1196,1598,1195,1,2
1197,1643,1175,0,3
1199,1643,1177,0,3
1201,1598,1200,1,2
1211,1643,1212,2,1
1218,1598,1217,1,2
1219,1643,1197,0,3
1221,1643,1199,0,3
1223,1598,1222,1,2
1233,1643,1234,2,1
1240,1598,1239,1,2
1241,1643,1219,0,3
1243,1643,1221,0,3
1245,1598,1244,1,2
1255,1643,1256,2,1
1262,1590,1261,1,2
1262,1598,1261,1,2
1263,1643,1241,0,3
1265,1643,1243,0,3
1267,1598,1266,1,2
1277,1643,1278,2,1
1284,1598,1283,1,2
1285,1643,1263,0,3
1287,1643,1265,0,3
1289,1598,1288,1,2
1299,1643,1300,2,1
1306,1598,1305,1,2
1307,1643,1285,0,3
1309,1606,1287,0,3
1309,1643,1287,0,3
1310,1606,1288,0,3
1311,1598,1310,1,2
1311,1606,1289,0,3
1312,1606,1290,0,3
1313,1606,1291,0,3
1314,1606,1292,0,3
1328,1598,1327,1,2
1329,1643,1307,0,3
1331,1606,1309,0,3
1331,1643,1309,0,3
1332,1606,1310,0,3
1333,1598,1332,1,2
1333,1606,1311,0,3
1334,1606,1312,0,3
1335,1606,1313,0,3
1336,1606,1314,0,3
1350,1598,1349,1,2
1351,1643,1329,0,3
1353,1643,1331,0,3
1355,1598,1354,1,2
1367,1643,1368,2,1
1372,1598,1371,1,2
1373,1643,1351,0,3
1375,1643,1353,0,3
1377,1598,1376,1,2
1394,1598,1393,1,2
1395,1643,1373,0,3
1397,1643,1375,0,3
1399,1598,1398,1,2
1412,1643,1413,2,1
1416,1598,1415,1,2
1417,1643,1395,0,3
1419,1643,1397,0,3
1421,1598,1420,1,2
1438,1598,1437,1,2
1439,1643,1417,0,3
1441,1643,1419,0,3
1443,1598,1442,1,2
1457,1643,1435,0,3
1460,1598,1459,1,2
1461,1643,1439,0,3
1463,1643,1441,0,3
1465,1598,1464,1,2
1482,1598,1481,1,2
1483,1643,1461,0,3
1485,1643,1463,0,3
1487,1598,1486,1,2
1502,1643,1480,0,3
1504,1598,1503,1,2
1505,1643,1483,0,3
1507,1643,1485,0,3
1510,1598,1532,3,0
1511,1598,1533,3,0
1512,1598,1534,3,0
1519,1600,1520,2,1
1525,1643,1503,0,3
1526,1598,1525,1,2
1527,1643,1505,0,3
1529,1643,1507,0,3
1531,1598,1530,1,2
1532,1598,1531,1,2
1533,1598,1532,1,2
1534,1598,1533,1,2
1549,1643,1527,0,3
1551,1643,1529,0,3
1571,1643,1549,0,3
1573,1643,1551,0,3
1585,1683,727,0,4
1592,1598,420,0,4
1593,1648,1107,0,4
1598,1592,420,0,4
1598,1636,1525,0,4
1598,1655,420,0,4
1598,1656,1525,0,4
1598,1675,1525,0,4
1598,1680,1525,0,4
1600,1639,440,0,4
1604,1676,844,0,4
1606,1610,1287,0,4
1606,1647,549,0,4
1606,1656,1287,0,4
1606,1680,549,0,4
1607,1639,772,0,4
1612,1642,31,0,4
1613,1647,174,0,4
1614,1616,97,0,4
1615,1663,403,0,4
1616,1614,88,0,4
1617,1630,860,0,4
1620,1655,31,0,4
1621,1643,997,0,4
1622,1594,140,0,4
1622,1597,140,0,4
1622,1610,140,0,4
1622,1619,140,0,4
1622,1623,596,0,4
1622,1647,140,0,4
1622,1673,140,0,4
1623,1622,574,0,4
1630,1617,837,0,4
1639,1600,772,0,4
1639,1607,772,0,4
1642,1612,31,0,4
1643,1584,1001,0,4
1643,1593,1001,0,4
1643,1621,1001,0,4
1643,1640,1001,0,4
1643,1641,1001,0,4
1643,1644,1001,0,4
1643,1646,1001,0,4
1643,1648,1001,0,4
1643,1654,1001,0,4
1643,1658,1001,0,4
1643,1672,1001,0,4
1643,1678,1001,0,4
1643,1682,1001,0,4
1647,1606,923,0,4
1647,1613,142,0,4
1647,1622,142,0,4
1648,1593,1107,0,4
1654,1643,1020,0,4
1655,1598,529,0,4
1655,1620,1461,0,4
1656,1664,637,0,4
1663,1615,399,0,4
1664,1656,618,0,4
1675,1598,1526,0,4
1676,1604,844,0,4
1680,1606,615,0,4
1682,1643,1023,0,4
1683,1585,771,0,4
