0,1613,22,1,0
0,1650,22,1,0
0,1674,22,1,0
1,1587,23,2,0
1,1602,23,2,0
1,1643,23,2,0
2,1596,24,2,0
2,1634,24,2,0
2,1668,1564,3,3
19,1604,20,1,0
19,1621,20,1,0
19,1644,20,1,0
19,1654,20,1,0
19,1676,20,1,0
20,1589,21,1,0
20,1646,21,1,0
20,1660,21,1,0
20,1667,21,1,0
21,1600,0,1,2
21,1616,0,1,2
21,1659,0,1,2
21,1681,0,1,2
44,1613,66,2,0
44,1650,66,2,0
44,1656,66,2,0
44,1674,66,2,0
45,1587,67,3,0
45,1602,67,3,0
45,1618,67,3,0
45,1643,67,3,0
46,1596,68,3,0
46,1634,68,3,0
63,1593,64,2,1
63,1604,64,2,1
63,1621,64,2,1
63,1644,64,2,1
63,1648,64,2,1
63,1654,64,2,1
63,1658,64,2,1
63,1672,64,2,1
63,1676,64,2,1
64,1589,65,2,1
64,1646,65,2,1
64,1655,65,2,1
64,1660,65,2,1
64,1667,65,2,1
65,1600,44,2,3
65,1659,44,2,3
88,1613,110,2,0
88,1650,110,2,0
88,1656,110,2,0
88,1674,110,2,0
89,1587,111,3,0
89,1602,111,3,0
89,1618,111,3,0
89,1643,111,3,0
90,1596,112,3,0
90,1634,112,3,0
107,1592,108,2,1
107,1593,108,2,1
107,1604,108,2,1
107,1621,108,2,1
107,1644,108,2,1
107,1648,108,2,1
107,1654,108,2,1
107,1658,108,2,1
107,1662,108,2,1
107,1672,108,2,1
107,1676,108,2,1
108,1589,109,2,1
108,1641,109,2,1
108,1646,109,2,1
108,1655,109,2,1
108,1660,109,2,1
108,1667,109,2,1
109,1600,88,2,3
109,1659,88,2,3
110,1681,88,0,2
111,1681,89,0,3
112,1681,90,0,3
113,1681,91,0,3
114,1681,92,0,3
115,1666,137,3,0
115,1681,93,0,3
126,1681,104,0,3
127,1681,105,0,3
128,1681,106,0,3
129,1681,107,0,3
130,1681,108,0,3
131,1681,109,0,3
132,1650,154,2,0
132,1656,154,2,0
132,1674,154,2,0
132,1681,110,0,2
133,1587,155,3,0
133,1602,155,3,0
133,1618,155,3,0
133,1643,155,3,0
133,1681,111,0,3
134,1596,156,3,0
134,1634,156,3,0
134,1681,112,0,3
135,1681,113,0,3
136,1681,114,0,3
137,1647,138,2,1
137,1681,115,0,3
138,1647,139,2,1
139,1647,140,2,1
140,1647,141,2,1
141,1647,142,2,1
142,1647,1647,4,0
148,1681,126,0,3
149,1681,127,0,3
150,1681,128,0,3
151,1592,152,2,1
151,1593,152,2,1
151,1604,152,2,1
151,1621,152,2,1
151,1644,152,2,1
151,1648,152,2,1
151,1654,152,2,1
151,1658,152,2,1
151,1662,152,2,1
151,1672,152,2,1
151,1676,152,2,1
151,1681,129,0,3
152,1589,153,2,1
152,1641,153,2,1
152,1646,153,2,1
152,1655,153,2,1
152,1660,153,2,1
152,1667,153,2,1
152,1675,153,2,1
152,1681,130,0,3
153,1600,132,2,3
153,1659,132,2,3
176,1613,154,0,2
176,1650,198,2,0
176,1656,198,2,0
176,1674,198,2,0
177,1587,199,3,0
177,1602,199,3,0
177,1618,199,3,0
177,1643,199,3,0
178,1596,200,3,0
178,1634,200,3,0
195,1592,196,2,1
195,1593,196,2,1
195,1604,196,2,1
195,1621,196,2,1
195,1633,196,2,1
195,1644,196,2,1
195,1648,196,2,1
195,1654,196,2,1
195,1658,196,2,1
195,1662,196,2,1
195,1672,196,2,1
195,1676,196,2,1
196,1589,197,2,1
196,1636,197,2,1
196,1641,197,2,1
196,1646,197,2,1
196,1655,197,2,1
196,1660,197,2,1
196,1667,197,2,1
196,1675,197,2,1
197,1600,176,2,3
197,1616,176,2,3
197,1659,176,2,3
197,1681,176,2,3
203,1609,225,3,0
220,1613,198,0,2
220,1650,242,2,0
220,1656,242,2,0
220,1674,242,2,0
221,1587,243,3,0
221,1602,243,3,0
221,1618,243,3,0
221,1643,243,3,0
222,1596,244,3,0
239,1592,240,2,1
239,1593,240,2,1
239,1604,240,2,1
239,1621,240,2,1
239,1623,240,2,1
239,1633,240,2,1
239,1644,240,2,1
239,1648,240,2,1
239,1654,240,2,1
239,1658,240,2,1
239,1662,240,2,1
239,1672,240,2,1
239,1676,240,2,1
240,1588,241,2,1
240,1589,241,2,1
240,1636,241,2,1
240,1641,241,2,1
240,1642,241,2,1
240,1646,241,2,1
240,1655,241,2,1
240,1660,241,2,1
240,1667,241,2,1
240,1675,241,2,1
241,1600,220,2,3
241,1616,220,2,3
241,1659,220,2,3
241,1681,220,2,3
264,1613,242,0,2
264,1650,286,2,0
264,1656,286,2,0
265,1618,287,3,0
266,1653,288,3,0
274,1601,273,1,2
275,1601,274,1,2
280,1653,302,3,0
281,1653,303,3,0
282,1653,304,3,0
283,1592,284,2,1
283,1593,284,2,1
283,1604,284,2,1
283,1621,284,2,1
283,1623,284,2,1
283,1633,284,2,1
283,1644,284,2,1
283,1648,284,2,1
283,1654,284,2,1
283,1658,284,2,1
283,1662,284,2,1
283,1672,284,2,1
283,1676,284,2,1
284,1588,285,2,1
284,1589,285,2,1
284,1595,285,2,1
284,1614,285,2,1
284,1620,285,2,1
284,1628,285,2,1
284,1636,285,2,1
284,1641,285,2,1
284,1642,285,2,1
284,1645,285,2,1
284,1646,285,2,1
284,1655,285,2,1
284,1660,285,2,1
284,1667,285,2,1
284,1675,285,2,1
285,1600,264,2,3
285,1612,264,2,3
285,1616,264,2,3
285,1659,264,2,3
285,1681,264,2,3
288,1653,1653,4,0
295,1646,317,3,0
298,1646,320,3,0
302,1602,324,3,0
302,1653,303,2,1
303,1653,304,2,1
304,1653,305,2,1
305,1653,306,2,1
308,1613,286,0,2
308,1650,330,2,0
308,1656,330,2,0
309,1618,331,3,0
310,1653,288,0,3
316,1646,338,3,0
324,1653,302,0,3
325,1653,303,0,3
326,1653,304,0,3
327,1585,328,2,1
327,1592,328,2,1
327,1593,328,2,1
327,1604,328,2,1
327,1621,328,2,1
327,1622,328,2,1
327,1623,328,2,1
327,1633,328,2,1
327,1644,328,2,1
327,1648,328,2,1
327,1654,328,2,1
327,1658,328,2,1
327,1662,328,2,1
327,1664,328,2,1
327,1672,328,2,1
327,1676,328,2,1
328,1588,329,2,1
328,1589,329,2,1
328,1595,329,2,1
328,1614,329,2,1
328,1620,329,2,1
328,1628,329,2,1
328,1636,329,2,1
328,1641,329,2,1
328,1642,329,2,1
328,1645,329,2,1
328,1646,329,2,1
328,1655,329,2,1
328,1660,329,2,1
328,1667,329,2,1
328,1675,329,2,1
329,1600,308,2,3
329,1612,308,2,3
329,1616,308,2,3
329,1659,308,2,3
329,1681,308,2,3
337,1646,359,3,0
352,1610,374,2,0
352,1613,330,0,2
352,1650,374,2,0
352,1656,374,2,0
352,1682,330,0,2
353,1618,375,3,0
353,1647,354,2,1
353,1674,331,0,3
354,1634,332,0,3
371,1585,372,2,1
371,1592,372,2,1
371,1593,372,2,1
371,1604,372,2,1
371,1621,372,2,1
371,1622,372,2,1
371,1623,372,2,1
371,1633,372,2,1
371,1638,372,2,1
371,1644,372,2,1
371,1648,372,2,1
371,1654,372,2,1
371,1658,372,2,1
371,1662,372,2,1
371,1664,372,2,1
371,1672,372,2,1
371,1676,372,2,1
372,1588,373,2,1
372,1589,373,2,1
372,1594,373,2,1
372,1595,373,2,1
372,1597,373,2,1
372,1614,373,2,1
372,1619,373,2,1
372,1620,373,2,1
372,1628,373,2,1
372,1636,373,2,1
372,1641,373,2,1
372,1642,373,2,1
372,1645,373,2,1
372,1646,373,2,1
372,1655,373,2,1
372,1660,373,2,1
372,1661,373,2,1
372,1666,373,2,1
372,1667,373,2,1
372,1675,373,2,1
373,1600,352,2,3
373,1612,352,2,3
373,1616,352,2,3
373,1632,352,2,3
373,1681,352,2,3
380,1646,402,3,0
396,1610,418,2,0
396,1613,374,0,2
396,1650,418,2,0
396,1656,418,2,0
396,1682,374,0,2
397,1587,375,0,3
397,1602,375,0,3
397,1618,419,3,0
397,1643,375,0,3
397,1674,375,0,3
398,1596,376,0,3
398,1634,376,0,3
404,1681,426,3,0
409,1681,431,3,0
415,1585,416,2,1
415,1593,416,2,1
415,1604,416,2,1
415,1621,416,2,1
415,1622,416,2,1
415,1623,416,2,1
415,1625,416,2,1
415,1633,416,2,1
415,1638,416,2,1
415,1644,416,2,1
415,1648,416,2,1
415,1653,416,2,1
415,1654,416,2,1
415,1658,416,2,1
415,1664,416,2,1
415,1672,416,2,1
415,1676,416,2,1
416,1588,417,2,1
416,1589,417,2,1
416,1594,417,2,1
416,1595,417,2,1
416,1597,417,2,1
416,1614,417,2,1
416,1619,417,2,1
416,1620,417,2,1
416,1628,417,2,1
416,1636,417,2,1
416,1641,417,2,1
416,1642,417,2,1
416,1645,417,2,1
416,1646,417,2,1
416,1655,417,2,1
416,1660,417,2,1
416,1661,417,2,1
416,1666,417,2,1
416,1667,417,2,1
416,1675,417,2,1
417,1612,396,2,3
417,1616,396,2,3
417,1630,396,2,3
417,1632,396,2,3
417,1681,396,2,3
423,1646,445,3,0
425,1681,447,3,0
432,1681,454,3,0
440,1610,462,2,0
440,1613,418,0,2
440,1650,462,2,0
440,1656,462,2,0
440,1682,418,0,2
441,1587,419,0,3
441,1602,419,0,3
441,1618,463,3,0
441,1643,419,0,3
441,1674,419,0,3
442,1596,420,0,3
442,1634,420,0,3
459,1585,460,2,1
459,1593,460,2,1
459,1599,460,2,1
459,1621,460,2,1
459,1622,460,2,1
459,1623,460,2,1
459,1624,460,2,1
459,1625,460,2,1
459,1638,460,2,1
459,1644,460,2,1
459,1648,460,2,1
459,1653,460,2,1
459,1654,460,2,1
459,1658,460,2,1
459,1664,460,2,1
459,1672,460,2,1
459,1676,460,2,1
460,1588,461,2,1
460,1589,461,2,1
460,1594,461,2,1
460,1595,461,2,1
460,1597,461,2,1
460,1603,461,2,1
460,1609,461,2,1
460,1614,461,2,1
460,1619,461,2,1
460,1620,461,2,1
460,1628,461,2,1
460,1629,461,2,1
460,1631,461,2,1
460,1636,461,2,1
460,1641,461,2,1
460,1642,461,2,1
460,1645,461,2,1
460,1646,461,2,1
460,1655,461,2,1
460,1660,461,2,1
460,1661,461,2,1
460,1666,461,2,1
460,1667,461,2,1
460,1675,461,2,1
460,1683,461,2,1
461,1612,440,2,3
461,1616,440,2,3
461,1630,440,2,3
461,1632,440,2,3
461,1681,440,2,3
468,1681,490,3,0
477,1681,499,3,0
484,1601,506,2,0
484,1610,506,2,0
484,1613,462,0,2
484,1656,506,2,0
484,1682,462,0,2
485,1587,463,0,3
485,1602,463,0,3
485,1618,507,3,0
485,1643,463,0,3
485,1674,463,0,3
486,1596,464,0,3
486,1634,464,0,3
503,1585,504,2,1
503,1586,504,2,1
503,1593,504,2,1
503,1598,504,2,1
503,1599,504,2,1
503,1621,504,2,1
503,1622,504,2,1
503,1624,504,2,1
503,1625,504,2,1
503,1627,504,2,1
503,1635,504,2,1
503,1638,504,2,1
503,1639,504,2,1
503,1644,504,2,1
503,1648,504,2,1
503,1651,504,2,1
503,1653,504,2,1
503,1654,504,2,1
503,1658,504,2,1
503,1664,504,2,1
503,1671,504,2,1
503,1672,504,2,1
504,1588,505,2,1
504,1589,505,2,1
504,1594,505,2,1
504,1595,505,2,1
504,1597,505,2,1
504,1603,505,2,1
504,1609,505,2,1
504,1614,505,2,1
504,1619,505,2,1
504,1620,505,2,1
504,1626,505,2,1
504,1628,505,2,1
504,1629,505,2,1
504,1631,505,2,1
504,1636,505,2,1
504,1641,505,2,1
504,1642,505,2,1
504,1645,505,2,1
504,1646,505,2,1
504,1660,505,2,1
504,1661,505,2,1
504,1666,505,2,1
504,1667,505,2,1
504,1670,505,2,1
504,1679,505,2,1
504,1683,505,2,1
505,1600,484,2,3
505,1612,484,2,3
505,1616,484,2,3
505,1630,484,2,3
505,1632,484,2,3
505,1659,484,2,3
505,1681,484,2,3
506,1601,528,2,0
511,1681,533,3,0
522,1681,544,3,0
525,1655,547,3,0
527,1601,549,3,0
528,1601,550,2,0
528,1610,550,2,0
528,1613,506,0,2
528,1656,550,2,0
528,1682,506,0,2
529,1587,507,0,3
529,1602,507,0,3
529,1618,551,3,0
529,1643,507,0,3
529,1674,507,0,3
530,1596,508,0,3
530,1634,508,0,3
530,1646,531,2,1
547,1585,548,2,1
547,1586,548,2,1
547,1593,548,2,1
547,1598,548,2,1
547,1599,548,2,1
547,1621,548,2,1
547,1622,548,2,1
547,1624,548,2,1
547,1625,548,2,1
547,1627,548,2,1
547,1635,548,2,1
547,1638,548,2,1
547,1639,548,2,1
547,1648,548,2,1
547,1651,548,2,1
547,1653,548,2,1
547,1654,548,2,1
547,1658,548,2,1
547,1662,548,2,1
547,1663,548,2,1
547,1664,548,2,1
547,1665,548,2,1
547,1671,548,2,1
547,1672,548,2,1
548,1588,549,2,1
548,1589,549,2,1
548,1594,549,2,1
548,1595,549,2,1
548,1597,549,2,1
548,1603,549,2,1
548,1609,549,2,1
548,1614,549,2,1
548,1619,549,2,1
548,1620,549,2,1
548,1626,549,2,1
548,1628,549,2,1
548,1629,549,2,1
548,1631,549,2,1
548,1641,549,2,1
548,1642,549,2,1
548,1645,549,2,1
548,1646,549,2,1
548,1660,549,2,1
548,1661,549,2,1
548,1666,549,2,1
548,1667,549,2,1
548,1670,549,2,1
548,1679,549,2,1
548,1683,549,2,1
549,1600,528,2,3
549,1612,528,2,3
549,1616,528,2,3
549,1630,528,2,3
549,1632,528,2,3
549,1659,528,2,3
549,1681,528,2,3
550,1601,572,2,0
553,1637,575,3,0
554,1681,555,2,1
568,1637,590,3,0
571,1601,593,3,0
572,1601,594,2,0
572,1610,594,2,0
572,1613,550,0,2
572,1650,550,0,2
572,1682,550,0,2
573,1587,551,0,3
573,1602,551,0,3
573,1618,595,3,0
573,1643,551,0,3
573,1674,551,0,3
574,1596,552,0,3
574,1634,552,0,3
575,1637,597,3,0
590,1637,612,3,0
591,1585,592,2,1
591,1586,592,2,1
591,1591,592,2,1
591,1593,592,2,1
591,1598,592,2,1
591,1599,592,2,1
591,1624,592,2,1
591,1625,592,2,1
591,1627,592,2,1
591,1633,592,2,1
591,1635,592,2,1
591,1638,592,2,1
591,1639,592,2,1
591,1648,592,2,1
591,1649,592,2,1
591,1651,592,2,1
591,1653,592,2,1
591,1658,592,2,1
591,1662,592,2,1
591,1663,592,2,1
591,1665,592,2,1
591,1671,592,2,1
591,1672,592,2,1
592,1588,593,2,1
592,1592,593,2,1
592,1594,593,2,1
592,1595,593,2,1
592,1597,593,2,1
592,1603,593,2,1
592,1609,593,2,1
592,1614,593,2,1
592,1619,593,2,1
592,1620,593,2,1
592,1626,593,2,1
592,1628,593,2,1
592,1629,593,2,1
592,1631,593,2,1
592,1641,593,2,1
592,1642,593,2,1
592,1645,593,2,1
592,1661,593,2,1
592,1666,593,2,1
592,1670,593,2,1
592,1679,593,2,1
592,1683,593,2,1
593,1600,572,2,3
593,1612,572,2,3
593,1616,572,2,3
593,1630,572,2,3
593,1632,572,2,3
593,1659,572,2,3
593,1681,572,2,3
594,1601,616,2,0
597,1637,619,3,0
612,1637,634,3,0
615,1601,637,3,0
616,1601,638,2,0
616,1606,594,0,2
616,1610,638,2,0
616,1613,594,0,2
616,1650,594,0,2
616,1682,594,0,2
617,1587,595,0,3
617,1602,595,0,3
617,1643,595,0,3
617,1674,595,0,3
618,1596,596,0,3
618,1634,596,0,3
618,1668,640,3,0
618,1673,640,3,0
618,1681,619,2,1
619,1637,641,3,0
634,1637,656,3,0
635,1584,636,2,1
635,1586,636,2,1
635,1591,636,2,1
635,1598,636,2,1
635,1599,636,2,1
635,1623,636,2,1
635,1624,636,2,1
635,1625,636,2,1
635,1627,636,2,1
635,1633,636,2,1
635,1635,636,2,1
635,1638,636,2,1
635,1639,636,2,1
635,1649,636,2,1
635,1651,636,2,1
635,1653,636,2,1
635,1662,636,2,1
635,1663,636,2,1
635,1665,636,2,1
635,1671,636,2,1
635,1672,636,2,1
635,1681,634,1,2
636,1588,637,2,1
636,1592,637,2,1
636,1594,637,2,1
636,1597,637,2,1
636,1603,637,2,1
636,1609,637,2,1
636,1614,637,2,1
636,1619,637,2,1
636,1620,637,2,1
636,1626,637,2,1
636,1628,637,2,1
636,1629,637,2,1
636,1631,637,2,1
636,1641,637,2,1
636,1642,637,2,1
636,1645,637,2,1
636,1661,637,2,1
636,1666,637,2,1
636,1670,637,2,1
636,1675,637,2,1
636,1679,637,2,1
636,1683,637,2,1
637,1600,616,2,3
637,1612,616,2,3
637,1616,616,2,3
637,1630,616,2,3
637,1632,616,2,3
637,1655,616,2,3
637,1659,616,2,3
637,1681,616,2,3
638,1601,660,2,0
641,1637,663,3,0
656,1637,678,3,0
658,1681,657,1,2
659,1601,681,3,0
660,1601,682,2,0
660,1606,638,0,2
660,1610,682,2,0
660,1650,638,0,2
660,1682,638,0,2
661,1587,639,0,3
661,1602,639,0,3
661,1643,639,0,3
661,1674,639,0,3
661,1681,662,2,1
662,1596,640,0,3
662,1668,684,3,0
662,1673,684,3,0
663,1637,685,3,0
678,1637,700,3,0
679,1584,680,2,1
679,1586,680,2,1
679,1591,680,2,1
679,1598,680,2,1
679,1599,680,2,1
679,1623,680,2,1
679,1624,680,2,1
679,1625,680,2,1
679,1627,680,2,1
679,1633,680,2,1
679,1635,680,2,1
679,1638,680,2,1
679,1639,680,2,1
679,1649,680,2,1
679,1651,680,2,1
679,1653,680,2,1
679,1662,680,2,1
679,1663,680,2,1
679,1665,680,2,1
679,1671,680,2,1
680,1592,681,2,1
680,1594,681,2,1
680,1597,681,2,1
680,1603,681,2,1
680,1609,681,2,1
680,1614,681,2,1
680,1619,681,2,1
680,1626,681,2,1
680,1629,681,2,1
680,1631,681,2,1
680,1636,681,2,1
680,1661,681,2,1
680,1666,681,2,1
680,1670,681,2,1
680,1675,681,2,1
680,1679,681,2,1
680,1681,679,1,2
680,1683,681,2,1
681,1600,660,2,3
681,1612,660,2,3
681,1616,660,2,3
681,1630,660,2,3
681,1632,660,2,3
681,1655,660,2,3
681,1659,660,2,3
681,1681,660,2,3
682,1601,704,2,0
682,1681,683,1,1
685,1637,707,3,0
700,1637,722,3,0
703,1601,725,3,0
703,1681,702,1,2
704,1601,726,2,0
704,1606,682,0,2
704,1610,726,2,0
704,1650,682,0,2
704,1656,682,0,2
704,1682,682,0,2
705,1587,683,0,3
705,1602,683,0,3
705,1618,683,0,3
705,1643,683,0,3
705,1674,683,0,3
706,1668,728,3,0
706,1673,728,3,0
707,1637,729,3,0
712,1601,690,0,3
720,1637,742,3,0
721,1637,743,3,0
723,1584,724,2,1
723,1586,724,2,1
723,1591,724,2,1
723,1598,724,2,1
723,1599,724,2,1
723,1622,724,2,1
723,1623,724,2,1
723,1624,724,2,1
723,1627,724,2,1
723,1633,724,2,1
723,1635,724,2,1
723,1638,724,2,1
723,1639,724,2,1
723,1649,724,2,1
723,1651,724,2,1
723,1653,724,2,1
723,1662,724,2,1
723,1663,724,2,1
723,1664,724,2,1
723,1665,724,2,1
723,1671,724,2,1
724,1592,725,2,1
724,1603,725,2,1
724,1609,725,2,1
724,1619,725,2,1
724,1626,725,2,1
724,1629,725,2,1
724,1631,725,2,1
724,1636,725,2,1
724,1661,725,2,1
724,1670,725,2,1
724,1675,725,2,1
724,1679,725,2,1
724,1683,725,2,1
725,1600,704,2,3
725,1630,704,2,3
725,1632,704,2,3
725,1655,704,2,3
725,1659,704,2,3
726,1601,748,2,0
729,1637,1637,4,0
742,1637,743,2,1
743,1637,744,2,1
744,1637,745,2,1
747,1601,769,3,0
748,1601,770,2,0
748,1606,726,0,2
748,1610,770,2,0
748,1650,726,0,2
748,1656,726,0,2
748,1682,726,0,2
749,1587,727,0,3
749,1602,727,0,3
749,1618,727,0,3
749,1643,727,0,3
749,1674,727,0,3
750,1668,772,3,0
750,1673,772,3,0
751,1637,729,0,3
764,1637,742,0,3
765,1637,743,0,3
767,1584,768,2,1
767,1586,768,2,1
767,1591,768,2,1
767,1598,768,2,1
767,1622,768,2,1
767,1623,768,2,1
767,1627,768,2,1
767,1633,768,2,1
767,1635,768,2,1
767,1638,768,2,1
767,1649,768,2,1
767,1651,768,2,1
767,1653,768,2,1
767,1662,768,2,1
767,1663,768,2,1
767,1664,768,2,1
767,1665,768,2,1
768,1588,769,2,1
768,1592,769,2,1
768,1595,769,2,1
768,1603,769,2,1
768,1609,769,2,1
768,1619,769,2,1
768,1626,769,2,1
768,1628,769,2,1
768,1629,769,2,1
768,1631,769,2,1
768,1636,769,2,1
768,1642,769,2,1
768,1645,769,2,1
768,1670,769,2,1
768,1675,769,2,1
768,1679,769,2,1
768,1683,769,2,1
769,1600,748,2,3
769,1630,748,2,3
769,1632,748,2,3
769,1655,748,2,3
769,1659,748,2,3
770,1601,792,2,0
772,1590,794,3,0
789,1590,811,3,0
791,1601,813,3,0
792,1606,770,0,2
792,1610,814,2,0
792,1650,770,0,2
792,1656,770,0,2
792,1682,770,0,2
793,1643,771,0,3
794,1668,816,3,0
794,1673,816,3,0
811,1584,812,2,1
811,1591,812,2,1
811,1598,812,2,1
811,1622,812,2,1
811,1623,812,2,1
811,1633,812,2,1
811,1638,812,2,1
811,1649,812,2,1
811,1653,812,2,1
811,1662,812,2,1
811,1663,812,2,1
811,1664,812,2,1
812,1585,813,2,1
812,1588,813,2,1
812,1592,813,2,1
812,1595,813,2,1
812,1603,813,2,1
812,1609,813,2,1
812,1626,813,2,1
812,1628,813,2,1
812,1629,813,2,1
812,1631,813,2,1
812,1636,813,2,1
812,1642,813,2,1
812,1645,813,2,1
812,1670,813,2,1
812,1675,813,2,1
812,1679,813,2,1
813,1600,792,2,3
813,1601,792,2,3
813,1630,792,2,3
813,1632,792,2,3
813,1655,792,2,3
813,1659,792,2,3
836,1606,814,0,2
836,1610,858,2,0
836,1650,814,0,2
836,1656,814,0,2
836,1682,814,0,2
838,1668,860,3,0
838,1673,860,3,0
855,1584,856,2,1
855,1598,856,2,1
855,1622,856,2,1
855,1623,856,2,1
855,1633,856,2,1
855,1638,856,2,1
855,1653,856,2,1
855,1662,856,2,1
855,1663,856,2,1
855,1664,856,2,1
856,1585,857,2,1
856,1588,857,2,1
856,1592,857,2,1
856,1594,857,2,1
856,1595,857,2,1
856,1597,857,2,1
856,1628,857,2,1
856,1636,857,2,1
856,1642,857,2,1
856,1645,857,2,1
856,1666,857,2,1
856,1675,857,2,1
857,1600,836,2,3
857,1601,836,2,3
857,1612,836,2,3
857,1614,836,2,3
857,1620,836,2,3
857,1655,836,2,3
857,1659,836,2,3
880,1606,858,0,2
880,1650,858,0,2
880,1656,858,0,2
882,1668,904,3,0
882,1673,904,3,0
883,1626,882,1,2
884,1665,883,1,2
893,1665,894,2,1
899,1590,900,2,1
899,1598,900,2,1
899,1622,900,2,1
899,1623,900,2,1
899,1633,900,2,1
899,1638,900,2,1
899,1639,900,2,1
899,1653,900,2,1
899,1662,900,2,1
899,1663,900,2,1
899,1664,900,2,1
899,1671,900,2,1
900,1585,901,2,1
900,1588,901,2,1
900,1592,901,2,1
900,1594,901,2,1
900,1595,901,2,1
900,1597,901,2,1
900,1599,901,2,1
900,1625,901,2,1
900,1628,901,2,1
900,1636,901,2,1
900,1642,901,2,1
900,1645,901,2,1
900,1666,901,2,1
900,1675,901,2,1
900,1683,901,2,1
901,1600,880,2,3
901,1601,880,2,3
901,1612,880,2,3
901,1614,880,2,3
901,1620,880,2,3
901,1655,880,2,3
901,1659,880,2,3
901,1661,880,2,3
903,1601,925,3,0
904,1601,926,3,0
905,1601,927,3,0
906,1601,928,3,0
907,1601,929,3,0
915,1665,916,2,1
924,1606,902,0,2
924,1650,902,0,2
924,1656,902,0,2
926,1668,948,3,0
926,1673,948,3,0
929,1591,928,1,2
943,1586,944,2,1
943,1590,944,2,1
943,1598,944,2,1
943,1607,944,2,1
943,1622,944,2,1
943,1623,944,2,1
943,1627,944,2,1
943,1633,944,2,1
943,1637,944,2,1
943,1639,944,2,1
943,1651,944,2,1
943,1653,944,2,1
943,1662,944,2,1
943,1663,944,2,1
943,1664,944,2,1
943,1665,944,2,1
943,1669,944,2,1
943,1671,944,2,1
943,1677,944,2,1
944,1585,945,2,1
944,1588,945,2,1
944,1592,945,2,1
944,1594,945,2,1
944,1595,945,2,1
944,1597,945,2,1
944,1599,945,2,1
944,1603,945,2,1
944,1624,945,2,1
944,1625,945,2,1
944,1626,945,2,1
944,1628,945,2,1
944,1631,945,2,1
944,1636,945,2,1
944,1642,945,2,1
944,1645,945,2,1
944,1666,945,2,1
944,1675,945,2,1
944,1683,945,2,1
945,1600,924,2,3
945,1612,924,2,3
945,1614,924,2,3
945,1619,924,2,3
945,1620,924,2,3
945,1655,924,2,3
945,1659,924,2,3
945,1661,924,2,3
968,1606,946,0,2
968,1650,946,0,2
968,1656,946,0,2
970,1668,992,3,0
970,1673,992,3,0
987,1586,988,2,1
987,1590,988,2,1
987,1591,988,2,1
987,1598,988,2,1
987,1607,988,2,1
987,1615,988,2,1
987,1622,988,2,1
987,1623,988,2,1
987,1627,988,2,1
987,1633,988,2,1
987,1637,988,2,1
987,1639,988,2,1
987,1649,988,2,1
987,1651,988,2,1
987,1662,988,2,1
987,1663,988,2,1
987,1664,988,2,1
987,1665,988,2,1
987,1669,988,2,1
987,1671,988,2,1
987,1677,988,2,1
988,1585,989,2,1
988,1588,989,2,1
988,1592,989,2,1
988,1594,989,2,1
988,1595,989,2,1
988,1597,989,2,1
988,1599,989,2,1
988,1603,989,2,1
988,1609,989,2,1
988,1624,989,2,1
988,1625,989,2,1
988,1626,989,2,1
988,1628,989,2,1
988,1629,989,2,1
988,1631,989,2,1
988,1635,989,2,1
988,1636,989,2,1
988,1642,989,2,1
988,1645,989,2,1
988,1666,989,2,1
988,1670,989,2,1
988,1675,989,2,1
988,1679,989,2,1
988,1683,989,2,1
989,1600,968,2,3
989,1612,968,2,3
989,1614,968,2,3
989,1619,968,2,3
989,1620,968,2,3
989,1630,968,2,3
989,1655,968,2,3
989,1659,968,2,3
989,1661,968,2,3
997,1654,1019,3,0
1012,1606,990,0,2
1012,1610,990,0,2
1012,1650,990,0,2
1012,1656,990,0,2
1014,1668,1036,3,0
1014,1673,1036,3,0
1031,1584,1032,2,1
1031,1586,1032,2,1
1031,1590,1032,2,1
1031,1591,1032,2,1
1031,1598,1032,2,1
1031,1607,1032,2,1
1031,1615,1032,2,1
1031,1617,1032,2,1
1031,1622,1032,2,1
1031,1623,1032,2,1
1031,1627,1032,2,1
1031,1633,1032,2,1
1031,1637,1032,2,1
1031,1639,1032,2,1
1031,1649,1032,2,1
1031,1651,1032,2,1
1031,1662,1032,2,1
1031,1663,1032,2,1
1031,1664,1032,2,1
1031,1665,1032,2,1
1031,1669,1032,2,1
1031,1671,1032,2,1
1031,1677,1032,2,1
1032,1585,1033,2,1
1032,1588,1033,2,1
1032,1592,1033,2,1
1032,1594,1033,2,1
1032,1595,1033,2,1
1032,1597,1033,2,1
1032,1599,1033,2,1
1032,1603,1033,2,1
1032,1609,1033,2,1
1032,1624,1033,2,1
1032,1625,1033,2,1
1032,1626,1033,2,1
1032,1628,1033,2,1
1032,1629,1033,2,1
1032,1631,1033,2,1
1032,1635,1033,2,1
1032,1636,1033,2,1
1032,1642,1033,2,1
1032,1645,1033,2,1
1032,1666,1033,2,1
1032,1670,1033,2,1
1032,1675,1033,2,1
1032,1679,1033,2,1
1032,1683,1033,2,1
1033,1600,1012,2,3
1033,1601,1012,2,3
1033,1612,1012,2,3
1033,1614,1012,2,3
1033,1619,1012,2,3
1033,1620,1012,2,3
1033,1630,1012,2,3
1033,1655,1012,2,3
1033,1661,1012,2,3
1056,1606,1034,0,2
1056,1610,1034,0,2
1056,1656,1034,0,2
1058,1668,1080,3,0
1058,1673,1080,3,0
1075,1584,1076,2,1
1075,1586,1076,2,1
1075,1590,1076,2,1
1075,1591,1076,2,1
1075,1598,1076,2,1
1075,1604,1076,2,1
1075,1607,1076,2,1
1075,1615,1076,2,1
1075,1617,1076,2,1
1075,1622,1076,2,1
1075,1623,1076,2,1
1075,1627,1076,2,1
1075,1633,1076,2,1
1075,1637,1076,2,1
1075,1639,1076,2,1
1075,1649,1076,2,1
1075,1651,1076,2,1
1075,1662,1076,2,1
1075,1663,1076,2,1
1075,1664,1076,2,1
1075,1665,1076,2,1
1075,1669,1076,2,1
1075,1671,1076,2,1
1075,1676,1076,2,1
1075,1677,1076,2,1
1076,1585,1077,2,1
1076,1588,1077,2,1
1076,1589,1077,2,1
1076,1592,1077,2,1
1076,1594,1077,2,1
1076,1595,1077,2,1
1076,1597,1077,2,1
1076,1599,1077,2,1
1076,1603,1077,2,1
1076,1609,1077,2,1
1076,1624,1077,2,1
1076,1625,1077,2,1
1076,1626,1077,2,1
1076,1628,1077,2,1
1076,1629,1077,2,1
1076,1631,1077,2,1
1076,1635,1077,2,1
1076,1636,1077,2,1
1076,1642,1077,2,1
1076,1645,1077,2,1
1076,1660,1077,2,1
1076,1666,1077,2,1
1076,1670,1077,2,1
1076,1675,1077,2,1
1076,1679,1077,2,1
1076,1683,1077,2,1
1077,1601,1056,2,3
1077,1612,1056,2,3
1077,1614,1056,2,3
1077,1619,1056,2,3
1077,1620,1056,2,3
1077,1630,1056,2,3
1077,1655,1056,2,3
1077,1661,1056,2,3
1100,1610,1078,0,2
1100,1656,1078,0,2
1102,1668,1124,3,0
1102,1673,1124,3,0
1119,1584,1120,2,1
1119,1586,1120,2,1
1119,1590,1120,2,1
1119,1591,1120,2,1
1119,1604,1120,2,1
1119,1607,1120,2,1
1119,1615,1120,2,1
1119,1617,1120,2,1
1119,1622,1120,2,1
1119,1623,1120,2,1
1119,1627,1120,2,1
1119,1633,1120,2,1
1119,1637,1120,2,1
1119,1639,1120,2,1
1119,1649,1120,2,1
1119,1651,1120,2,1
1119,1664,1120,2,1
1119,1665,1120,2,1
1119,1669,1120,2,1
1119,1671,1120,2,1
1119,1676,1120,2,1
1119,1677,1120,2,1
1120,1585,1121,2,1
1120,1588,1121,2,1
1120,1589,1121,2,1
1120,1592,1121,2,1
1120,1594,1121,2,1
1120,1595,1121,2,1
1120,1597,1121,2,1
1120,1599,1121,2,1
1120,1603,1121,2,1
1120,1609,1121,2,1
1120,1624,1121,2,1
1120,1625,1121,2,1
1120,1626,1121,2,1
1120,1628,1121,2,1
1120,1629,1121,2,1
1120,1631,1121,2,1
1120,1635,1121,2,1
1120,1636,1121,2,1
1120,1642,1121,2,1
1120,1645,1121,2,1
1120,1660,1121,2,1
1120,1666,1121,2,1
1120,1670,1121,2,1
1120,1675,1121,2,1
1120,1679,1121,2,1
1120,1683,1121,2,1
1121,1601,1100,2,3
1121,1612,1100,2,3
1121,1614,1100,2,3
1121,1619,1100,2,3
1121,1620,1100,2,3
1121,1630,1100,2,3
1121,1655,1100,2,3
1121,1661,1100,2,3
1144,1610,1122,0,2
1144,1613,1166,2,0
1144,1656,1122,0,2
1146,1668,1168,3,0
1146,1673,1168,3,0
1150,1614,1172,3,0
1163,1584,1164,2,1
1163,1586,1164,2,1
1163,1590,1164,2,1
1163,1591,1164,2,1
1163,1604,1164,2,1
1163,1607,1164,2,1
1163,1615,1164,2,1
1163,1617,1164,2,1
1163,1622,1164,2,1
1163,1623,1164,2,1
1163,1627,1164,2,1
1163,1637,1164,2,1
1163,1639,1164,2,1
1163,1644,1164,2,1
1163,1646,1164,2,1
1163,1649,1164,2,1
1163,1651,1164,2,1
1163,1664,1164,2,1
1163,1665,1164,2,1
1163,1669,1164,2,1
1163,1671,1164,2,1
1163,1676,1164,2,1
1163,1677,1164,2,1
1164,1585,1165,2,1
1164,1588,1165,2,1
1164,1589,1165,2,1
1164,1594,1165,2,1
1164,1595,1165,2,1
1164,1597,1165,2,1
1164,1599,1165,2,1
1164,1603,1165,2,1
1164,1609,1165,2,1
1164,1624,1165,2,1
1164,1625,1165,2,1
1164,1626,1165,2,1
1164,1628,1165,2,1
1164,1629,1165,2,1
1164,1631,1165,2,1
1164,1635,1165,2,1
1164,1636,1165,2,1
1164,1642,1165,2,1
1164,1645,1165,2,1
1164,1660,1165,2,1
1164,1666,1165,2,1
1164,1667,1165,2,1
1164,1670,1165,2,1
1164,1675,1165,2,1
1164,1679,1165,2,1
1164,1683,1165,2,1
1165,1601,1144,2,3
1165,1612,1144,2,3
1165,1614,1144,2,3
1165,1616,1144,2,3
1165,1619,1144,2,3
1165,1620,1144,2,3
1165,1630,1144,2,3
1165,1655,1144,2,3
1165,1661,1144,2,3
1165,1681,1144,2,3
1188,1610,1166,0,2
1188,1613,1210,2,0
1188,1656,1166,0,2
1207,1584,1208,2,1
1207,1586,1208,2,1
1207,1590,1208,2,1
1207,1591,1208,2,1
1207,1604,1208,2,1
1207,1607,1208,2,1
1207,1615,1208,2,1
1207,1617,1208,2,1
1207,1622,1208,2,1
1207,1627,1208,2,1
1207,1637,1208,2,1
1207,1639,1208,2,1
1207,1644,1208,2,1
1207,1646,1208,2,1
1207,1649,1208,2,1
1207,1651,1208,2,1
1207,1654,1208,2,1
1207,1664,1208,2,1
1207,1665,1208,2,1
1207,1669,1208,2,1
1207,1671,1208,2,1
1207,1676,1208,2,1
1207,1677,1208,2,1
1208,1585,1209,2,1
1208,1588,1209,2,1
1208,1589,1209,2,1
1208,1594,1209,2,1
1208,1595,1209,2,1
1208,1597,1209,2,1
1208,1599,1209,2,1
1208,1603,1209,2,1
1208,1609,1209,2,1
1208,1624,1209,2,1
1208,1625,1209,2,1
1208,1626,1209,2,1
1208,1628,1209,2,1
1208,1629,1209,2,1
1208,1631,1209,2,1
1208,1635,1209,2,1
1208,1642,1209,2,1
1208,1645,1209,2,1
1208,1660,1209,2,1
1208,1666,1209,2,1
1208,1667,1209,2,1
1208,1670,1209,2,1
1208,1679,1209,2,1
1208,1683,1209,2,1
1209,1601,1188,2,3
1209,1612,1188,2,3
1209,1614,1188,2,3
1209,1616,1188,2,3
1209,1619,1188,2,3
1209,1620,1188,2,3
1209,1630,1188,2,3
1209,1661,1188,2,3
1209,1681,1188,2,3
1232,1610,1210,0,2
1232,1613,1254,2,0
1234,1634,1256,3,0
1251,1584,1252,2,1
1251,1586,1252,2,1
1251,1590,1252,2,1
1251,1591,1252,2,1
1251,1604,1252,2,1
1251,1607,1252,2,1
1251,1615,1252,2,1
1251,1617,1252,2,1
1251,1622,1252,2,1
1251,1627,1252,2,1
1251,1637,1252,2,1
1251,1639,1252,2,1
1251,1644,1252,2,1
1251,1646,1252,2,1
1251,1649,1252,2,1
1251,1651,1252,2,1
1251,1654,1252,2,1
1251,1664,1252,2,1
1251,1665,1252,2,1
1251,1669,1252,2,1
1251,1671,1252,2,1
1251,1676,1252,2,1
1251,1677,1252,2,1
1252,1585,1253,2,1
1252,1588,1253,2,1
1252,1589,1253,2,1
1252,1594,1253,2,1
1252,1595,1253,2,1
1252,1597,1253,2,1
1252,1599,1253,2,1
1252,1603,1253,2,1
1252,1609,1253,2,1
1252,1624,1253,2,1
1252,1625,1253,2,1
1252,1626,1253,2,1
1252,1628,1253,2,1
1252,1629,1253,2,1
1252,1631,1253,2,1
1252,1635,1253,2,1
1252,1641,1253,2,1
1252,1642,1253,2,1
1252,1645,1253,2,1
1252,1660,1253,2,1
1252,1666,1253,2,1
1252,1667,1253,2,1
1252,1670,1253,2,1
1252,1679,1253,2,1
1252,1683,1253,2,1
1253,1601,1232,2,3
1253,1612,1232,2,3
1253,1614,1232,2,3
1253,1616,1232,2,3
1253,1619,1232,2,3
1253,1620,1232,2,3
1253,1630,1232,2,3
1253,1661,1232,2,3
1253,1681,1232,2,3
1276,1610,1254,0,2
1276,1613,1298,2,0
1276,1674,1298,2,0
1278,1596,1300,3,0
1278,1634,1300,3,0
1278,1673,1256,0,3
1289,1669,1311,3,0
1295,1584,1296,2,1
1295,1586,1296,2,1
1295,1590,1296,2,1
1295,1591,1296,2,1
1295,1604,1296,2,1
1295,1607,1296,2,1
1295,1615,1296,2,1
1295,1617,1296,2,1
1295,1627,1296,2,1
1295,1637,1296,2,1
1295,1639,1296,2,1
1295,1644,1296,2,1
1295,1646,1296,2,1
1295,1649,1296,2,1
1295,1651,1296,2,1
1295,1654,1296,2,1
1295,1665,1296,2,1
1295,1669,1296,2,1
1295,1671,1296,2,1
1295,1676,1296,2,1
1295,1677,1296,2,1
1296,1585,1297,2,1
1296,1588,1297,2,1
1296,1589,1297,2,1
1296,1594,1297,2,1
1296,1597,1297,2,1
1296,1599,1297,2,1
1296,1603,1297,2,1
1296,1609,1297,2,1
1296,1624,1297,2,1
1296,1625,1297,2,1
1296,1626,1297,2,1
1296,1628,1297,2,1
1296,1629,1297,2,1
1296,1631,1297,2,1
1296,1635,1297,2,1
1296,1641,1297,2,1
1296,1642,1297,2,1
1296,1645,1297,2,1
1296,1660,1297,2,1
1296,1666,1297,2,1
1296,1667,1297,2,1
1296,1670,1297,2,1
1296,1679,1297,2,1
1296,1683,1297,2,1
1297,1601,1276,2,3
1297,1612,1276,2,3
1297,1614,1276,2,3
1297,1616,1276,2,3
1297,1619,1276,2,3
1297,1620,1276,2,3
1297,1630,1276,2,3
1297,1661,1276,2,3
1297,1681,1276,2,3
1320,1610,1298,0,2
1320,1613,1342,2,0
1320,1674,1342,2,0
1321,1587,1343,3,0
1321,1602,1343,3,0
1321,1643,1343,3,0
1322,1596,1344,3,0
1322,1634,1344,3,0
1322,1668,1300,0,3
1339,1584,1340,2,1
1339,1586,1340,2,1
1339,1590,1340,2,1
1339,1591,1340,2,1
1339,1607,1340,2,1
1339,1615,1340,2,1
1339,1617,1340,2,1
1339,1627,1340,2,1
1339,1637,1340,2,1
1339,1639,1340,2,1
1339,1644,1340,2,1
1339,1646,1340,2,1
1339,1649,1340,2,1
1339,1651,1340,2,1
1339,1654,1340,2,1
1339,1664,1340,2,1
1339,1665,1340,2,1
1339,1669,1340,2,1
1339,1671,1340,2,1
1339,1673,1338,1,2
1339,1676,1340,2,1
1339,1677,1340,2,1
1340,1589,1341,2,1
1340,1594,1341,2,1
1340,1597,1341,2,1
1340,1599,1341,2,1
1340,1603,1341,2,1
1340,1609,1341,2,1
1340,1624,1341,2,1
1340,1625,1341,2,1
1340,1626,1341,2,1
1340,1629,1341,2,1
1340,1631,1341,2,1
1340,1635,1341,2,1
1340,1641,1341,2,1
1340,1660,1341,2,1
1340,1666,1341,2,1
1340,1667,1341,2,1
1340,1670,1341,2,1
1340,1679,1341,2,1
1340,1683,1341,2,1
1341,1601,1320,2,3
1341,1612,1320,2,3
1341,1614,1320,2,3
1341,1616,1320,2,3
1341,1619,1320,2,3
1341,1620,1320,2,3
1341,1630,1320,2,3
1341,1661,1320,2,3
1341,1681,1320,2,3
1361,1664,1362,2,1
1364,1610,1342,0,2
1364,1613,1386,2,0
1364,1674,1386,2,0
1365,1587,1387,3,0
1365,1602,1387,3,0
1365,1643,1387,3,0
1366,1596,1388,3,0
1366,1634,1388,3,0
1366,1668,1344,0,3
1383,1584,1384,2,1
1383,1586,1384,2,1
1383,1590,1384,2,1
1383,1591,1384,2,1
1383,1607,1384,2,1
1383,1615,1384,2,1
1383,1617,1384,2,1
1383,1627,1384,2,1
1383,1637,1384,2,1
1383,1639,1384,2,1
1383,1644,1384,2,1
1383,1646,1384,2,1
1383,1649,1384,2,1
1383,1651,1384,2,1
1383,1654,1384,2,1
1383,1664,1384,2,1
1383,1665,1384,2,1
1383,1669,1384,2,1
1383,1671,1384,2,1
1383,1677,1384,2,1
1384,1589,1385,2,1
1384,1594,1385,2,1
1384,1597,1385,2,1
1384,1599,1385,2,1
1384,1603,1385,2,1
1384,1609,1385,2,1
1384,1624,1385,2,1
1384,1625,1385,2,1
1384,1626,1385,2,1
1384,1629,1385,2,1
1384,1631,1385,2,1
1384,1635,1385,2,1
1384,1641,1385,2,1
1384,1660,1385,2,1
1384,1666,1385,2,1
1384,1667,1385,2,1
1384,1670,1385,2,1
1384,1679,1385,2,1
1384,1683,1385,2,1
1385,1601,1364,2,3
1385,1616,1364,2,3
1385,1619,1364,2,3
1385,1630,1364,2,3
1385,1661,1364,2,3
1385,1681,1364,2,3
1405,1664,1406,2,1
1408,1610,1386,0,2
1408,1613,1430,2,0
1408,1674,1430,2,0
1409,1587,1431,3,0
1409,1602,1431,3,0
1409,1643,1431,3,0
1410,1596,1432,3,0
1410,1634,1432,3,0
1410,1668,1388,0,3
1427,1584,1428,2,1
1427,1586,1428,2,1
1427,1590,1428,2,1
1427,1591,1428,2,1
1427,1607,1428,2,1
1427,1615,1428,2,1
1427,1617,1428,2,1
1427,1627,1428,2,1
1427,1637,1428,2,1
1427,1639,1428,2,1
1427,1646,1428,2,1
1427,1649,1428,2,1
1427,1651,1428,2,1
1427,1654,1428,2,1
1427,1664,1428,2,1
1427,1665,1428,2,1
1427,1669,1428,2,1
1427,1671,1428,2,1
1427,1677,1428,2,1
1428,1589,1429,2,1
1428,1599,1429,2,1
1428,1603,1429,2,1
1428,1609,1429,2,1
1428,1624,1429,2,1
1428,1625,1429,2,1
1428,1626,1429,2,1
1428,1629,1429,2,1
1428,1631,1429,2,1
1428,1635,1429,2,1
1428,1641,1429,2,1
1428,1660,1429,2,1
1428,1667,1429,2,1
1428,1670,1429,2,1
1428,1679,1429,2,1
1428,1683,1429,2,1
1429,1601,1408,2,3
1429,1616,1408,2,3
1429,1619,1408,2,3
1429,1630,1408,2,3
1429,1661,1408,2,3
1429,1681,1408,2,3
1449,1664,1450,2,1
1452,1610,1430,0,2
1452,1613,1474,2,0
1452,1674,1474,2,0
1453,1587,1475,3,0
1453,1602,1475,3,0
1453,1643,1475,3,0
1454,1596,1476,3,0
1454,1634,1476,3,0
1454,1668,1432,0,3
1471,1584,1472,2,1
1471,1586,1472,2,1
1471,1591,1472,2,1
1471,1604,1472,2,1
1471,1607,1472,2,1
1471,1615,1472,2,1
1471,1617,1472,2,1
1471,1627,1472,2,1
1471,1637,1472,2,1
1471,1649,1472,2,1
1471,1651,1472,2,1
1471,1665,1472,2,1
1471,1669,1472,2,1
1471,1677,1472,2,1
1472,1603,1473,2,1
1472,1609,1473,2,1
1472,1624,1473,2,1
1472,1626,1473,2,1
1472,1629,1473,2,1
1472,1631,1473,2,1
1472,1635,1473,2,1
1472,1641,1473,2,1
1472,1670,1473,2,1
1472,1679,1473,2,1
1473,1601,1452,2,3
1473,1616,1452,2,3
1473,1630,1452,2,3
1473,1659,1452,2,3
1473,1681,1452,2,3
1496,1610,1474,0,2
1496,1613,1518,2,0
1496,1674,1518,2,0
1497,1587,1519,3,0
1497,1602,1519,3,0
1497,1643,1519,3,0
1498,1596,1520,3,0
1498,1634,1520,3,0
1498,1668,1476,0,3
1501,1608,1502,2,1
1502,1608,1608,4,0
1515,1584,1516,2,1
1515,1591,1516,2,1
1515,1604,1516,2,1
1515,1615,1516,2,1
1515,1617,1516,2,1
1515,1649,1516,2,1
1515,1676,1516,2,1
1516,1635,1517,2,1
1516,1641,1517,2,1
1516,1670,1517,2,1
1517,1600,1496,2,3
1517,1601,1496,2,3
1517,1616,1496,2,3
1517,1659,1496,2,3
1517,1681,1496,2,3
1520,1646,1498,0,3
1521,1646,1499,0,3
1522,1646,1500,0,3
1523,1646,1501,0,3
1540,1613,1562,2,0
1540,1650,1562,2,0
1540,1674,1562,2,0
1541,1587,1563,3,0
1541,1602,1563,3,0
1541,1643,1563,3,0
1542,1596,1564,3,0
1542,1634,1564,3,0
1542,1646,1520,0,3
1542,1668,1520,0,3
1543,1646,1521,0,3
1544,1646,1522,0,3
1545,1646,1523,0,3
1559,1584,1560,2,1
1559,1604,1560,2,1
1559,1617,1560,2,1
1559,1644,1560,2,1
1559,1676,1560,2,1
1561,1600,1540,2,3
1561,1601,1540,2,3
1561,1616,1540,2,3
1561,1659,1540,2,3
1561,1681,1540,2,3
1584,1591,904,0,4
1585,1612,683,0,4
1587,1653,306,0,4
1591,1584,904,0,4
1591,1593,926,0,4
1591,1621,926,0,4
1591,1640,926,0,4
1591,1641,926,0,4
1591,1648,926,0,4
1591,1654,926,0,4
1591,1658,926,0,4
1591,1672,926,0,4
1591,1674,926,0,4
1591,1678,926,0,4
1592,1658,1504,0,4
1594,1603,793,0,4
1594,1626,793,0,4
1594,1681,97,0,4
1596,1653,305,0,4
1596,1671,305,0,4
1597,1681,97,0,4
1598,1646,1525,0,4
1601,1589,925,0,4
1601,1604,925,0,4
1601,1606,946,0,4
1601,1612,251,0,4
1601,1613,925,0,4
1601,1614,251,0,4
1601,1615,925,0,4
1601,1619,251,0,4
1601,1630,251,0,4
1601,1637,273,0,4
1601,1650,946,0,4
1601,1652,925,0,4
1601,1656,946,0,4
1601,1660,925,0,4
1601,1667,925,0,4
1601,1676,925,0,4
1601,1680,946,0,4
1602,1653,306,0,4
1602,1668,349,0,4
1602,1673,349,0,4
1603,1594,859,0,4
1603,1630,881,0,4
1605,1681,94,0,4
1606,1681,1265,0,4
1608,1654,1502,0,4
1608,1667,1502,0,4
1609,1630,881,0,4
1611,1646,1502,0,4
1611,1681,114,0,4
1612,1585,705,0,4
1612,1601,75,0,4
1613,1681,869,0,4
1614,1601,75,0,4
1619,1601,163,0,4
1619,1632,142,0,4
1619,1647,142,0,4
1620,1637,727,0,4
1625,1681,794,0,4
1626,1594,859,0,4
1626,1630,881,0,4
1628,1637,705,0,4
1629,1630,881,0,4
1630,1601,207,0,4
1630,1603,881,0,4
1630,1609,881,0,4
1630,1626,881,0,4
1630,1629,881,0,4
1632,1619,142,0,4
1632,1681,120,0,4
1633,1646,1526,0,4
1633,1671,530,0,4
1633,1678,1548,0,4
1634,1653,327,0,4
1634,1676,849,0,4
1637,1585,729,0,4
1637,1588,729,0,4
1637,1594,729,0,4
1637,1595,729,0,4
1637,1597,729,0,4
1637,1601,316,0,4
1637,1612,729,0,4
1637,1614,729,0,4
1637,1618,729,0,4
1637,1620,729,0,4
1637,1622,729,0,4
1637,1628,729,0,4
1637,1636,729,0,4
1637,1642,729,0,4
1637,1645,729,0,4
1637,1656,729,0,4
1637,1664,729,0,4
1637,1666,729,0,4
1637,1675,729,0,4
1637,1680,729,0,4
1640,1672,1107,0,4
1641,1646,998,0,4
1642,1645,53,0,4
1643,1651,328,0,4
1643,1653,306,0,4
1645,1642,53,0,4
1646,1585,1498,0,4
1646,1588,1498,0,4
1646,1595,1498,0,4
1646,1598,1498,0,4
1646,1605,1498,0,4
1646,1611,1498,0,4
1646,1612,1498,0,4
1646,1614,1498,0,4
1646,1620,1498,0,4
1646,1622,1498,0,4
1646,1623,1498,0,4
1646,1628,1498,0,4
1646,1633,1498,0,4
1646,1636,1498,0,4
1646,1641,976,0,4
1646,1642,1498,0,4
1646,1645,1498,0,4
1646,1657,1498,0,4
1646,1658,1498,0,4
1646,1663,1498,0,4
1646,1664,1498,0,4
1646,1675,1498,0,4
1647,1605,142,0,4
1647,1608,142,0,4
1647,1619,142,0,4
1647,1630,142,0,4
1647,1653,142,0,4
1647,1657,142,0,4
1647,1664,142,0,4
1647,1683,142,0,4
1648,1662,1499,0,4
1651,1643,316,0,4
1652,1669,403,0,4
1653,1587,288,0,4
1653,1596,288,0,4
1653,1602,288,0,4
1653,1634,288,0,4
1653,1643,288,0,4
1653,1674,288,0,4
1653,1682,288,0,4
1655,1596,550,0,4
1655,1634,550,0,4
1658,1592,1499,0,4
1659,1681,1220,0,4
1661,1681,119,0,4
1662,1648,1504,0,4
1666,1593,162,0,4
1666,1640,162,0,4
1666,1641,162,0,4
1666,1648,162,0,4
1666,1654,162,0,4
1666,1658,162,0,4
1666,1672,162,0,4
1666,1678,162,0,4
1669,1652,403,0,4
1671,1596,293,0,4
1671,1633,772,0,4
1672,1640,1107,0,4
1675,1637,573,0,4
1675,1681,1526,0,4
1676,1634,844,0,4
1678,1633,1543,0,4
1680,1681,1396,0,4
1681,1592,88,0,4
1681,1594,88,0,4
1681,1597,88,0,4
1681,1600,88,0,4
1681,1605,88,0,4
1681,1606,934,0,4
1681,1608,88,0,4
1681,1611,88,0,4
1681,1613,912,0,4
1681,1619,88,0,4
1681,1625,912,0,4
1681,1632,88,0,4
1681,1638,88,0,4
1681,1647,88,0,4
1681,1653,88,0,4
1681,1655,88,0,4
1681,1657,88,0,4
1681,1659,934,0,4
1681,1661,88,0,4
1681,1662,88,0,4
1681,1664,88,0,4
1681,1666,88,0,4
1681,1668,88,0,4
1681,1675,66,0,4
1681,1680,934,0,4
1681,1682,934,0,4
1681,1683,88,0,4
1682,1681,1045,0,4
1683,1647,185,0,4
