2,1638,3,1,0
4,1638,26,2,0
11,1594,33,2,0
11,1597,33,2,0
11,1601,33,2,0
11,1603,33,2,0
11,1609,33,2,0
11,1612,33,2,0
11,1614,33,2,0
11,1619,33,2,0
11,1620,33,2,0
11,1626,33,2,0
11,1628,33,2,0
11,1629,33,2,0
11,1631,33,2,0
11,1661,33,2,0
11,1666,33,2,0
11,1670,33,2,0
11,1679,33,2,0
13,1598,1575,3,3
13,1638,1575,3,3
18,1638,19,1,0
19,1599,20,1,0
19,1625,18,0,1
20,1661,21,1,0
24,1638,25,2,1
40,1638,41,2,1
41,1599,42,2,1
41,1625,40,1,2
46,1638,47,2,1
49,1638,71,3,0
55,1594,77,3,0
55,1597,77,3,0
55,1601,77,3,0
55,1603,77,3,0
55,1609,77,3,0
55,1619,77,3,0
55,1626,77,3,0
55,1629,77,3,0
55,1631,77,3,0
55,1661,77,3,0
55,1666,77,3,0
55,1670,77,3,0
55,1679,77,3,0
57,1638,35,0,3
57,1663,35,0,3
62,1638,63,2,1
63,1599,64,2,1
63,1625,62,1,2
68,1638,69,2,1
84,1638,85,2,1
85,1599,86,2,1
85,1625,84,1,2
90,1638,91,2,1
94,1638,93,1,2
95,1638,94,1,2
99,1601,121,3,0
99,1603,121,3,0
99,1609,121,3,0
99,1619,121,3,0
99,1626,121,3,0
99,1629,121,3,0
99,1631,121,3,0
99,1661,121,3,0
99,1670,121,3,0
99,1679,121,3,0
101,1633,79,0,3
101,1663,79,0,3
106,1638,107,2,1
107,1625,106,1,2
112,1638,113,2,1
116,1661,138,3,0
128,1638,129,2,1
129,1625,128,1,2
134,1638,135,2,1
143,1601,165,3,0
143,1603,165,3,0
143,1609,165,3,0
143,1626,165,3,0
143,1629,165,3,0
143,1631,165,3,0
143,1670,165,3,0
143,1679,165,3,0
145,1597,144,1,2
145,1623,123,0,3
145,1633,123,0,3
145,1663,123,0,3
150,1638,151,2,1
151,1625,150,1,2
156,1638,157,2,1
172,1638,173,2,1
173,1625,172,1,2
178,1638,179,2,1
179,1638,1638,4,0
180,1638,179,1,2
181,1625,182,2,1
181,1638,180,1,2
182,1625,183,2,1
183,1625,184,2,1
184,1625,1625,4,0
187,1601,209,3,0
187,1603,209,3,0
187,1609,209,3,0
187,1626,209,3,0
187,1629,209,3,0
187,1631,209,3,0
187,1670,209,3,0
187,1679,209,3,0
188,1625,187,1,2
189,1622,167,0,3
189,1623,167,0,3
189,1625,188,1,2
189,1633,167,0,3
189,1663,167,0,3
189,1664,167,0,3
190,1625,189,1,2
191,1625,190,1,2
192,1625,191,1,2
192,1638,193,2,1
193,1638,194,2,1
194,1638,195,2,1
195,1625,194,1,2
233,1622,211,0,3
233,1623,211,0,3
233,1633,211,0,3
233,1663,211,0,3
233,1664,211,0,3
275,1589,297,3,0
275,1660,297,3,0
277,1622,255,0,3
277,1623,255,0,3
277,1633,255,0,3
277,1664,255,0,3
311,1645,312,2,1
319,1589,341,3,0
319,1660,341,3,0
321,1622,299,0,3
321,1623,299,0,3
321,1633,299,0,3
321,1664,299,0,3
321,1669,299,0,3
348,1607,349,2,1
363,1589,385,3,0
363,1660,385,3,0
365,1622,343,0,3
365,1623,343,0,3
365,1633,343,0,3
365,1639,343,0,3
365,1664,343,0,3
396,1645,418,2,0
407,1589,429,3,0
407,1660,429,3,0
409,1590,387,0,3
409,1607,387,0,3
409,1622,387,0,3
409,1639,387,0,3
409,1664,387,0,3
409,1665,387,0,3
409,1671,387,0,3
409,1677,387,0,3
416,1645,438,3,0
418,1645,440,2,0
425,1648,424,1,2
438,1645,460,3,0
440,1645,462,2,0
443,1598,442,1,2
451,1589,473,3,0
451,1660,473,3,0
453,1590,431,0,3
453,1607,431,0,3
453,1615,431,0,3
453,1622,431,0,3
453,1637,431,0,3
453,1639,431,0,3
453,1649,431,0,3
453,1664,431,0,3
453,1665,431,0,3
453,1669,431,0,3
453,1671,431,0,3
453,1677,431,0,3
460,1645,482,3,0
462,1645,484,2,0
464,1592,442,0,3
465,1592,443,0,3
466,1592,444,0,3
467,1592,445,0,3
469,1645,447,0,3
482,1645,504,3,0
484,1645,506,2,0
486,1592,464,0,3
487,1592,465,0,3
488,1592,466,0,3
489,1592,467,0,3
495,1589,517,3,0
495,1660,517,3,0
497,1584,475,0,3
497,1590,475,0,3
497,1591,475,0,3
497,1607,475,0,3
497,1615,475,0,3
497,1617,475,0,3
497,1637,475,0,3
497,1639,475,0,3
497,1649,475,0,3
497,1665,475,0,3
497,1669,475,0,3
497,1671,475,0,3
497,1677,475,0,3
501,1624,523,3,0
504,1645,526,3,0
506,1645,528,2,0
508,1592,507,1,2
509,1592,508,1,2
510,1592,509,1,2
511,1592,510,1,2
518,1592,519,2,1
525,1586,547,3,0
526,1645,548,3,0
528,1645,550,2,0
529,1586,551,3,0
539,1589,561,3,0
539,1660,561,3,0
540,1592,541,2,1
541,1584,519,0,3
541,1590,519,0,3
541,1591,519,0,3
541,1607,519,0,3
541,1615,519,0,3
541,1617,519,0,3
541,1639,519,0,3
541,1649,519,0,3
541,1665,519,0,3
541,1669,519,0,3
541,1671,519,0,3
541,1677,519,0,3
547,1586,569,3,0
548,1645,570,3,0
550,1645,572,2,0
551,1586,573,3,0
562,1592,563,2,1
569,1586,591,3,0
570,1645,592,3,0
572,1645,594,2,0
573,1586,595,3,0
583,1589,605,3,0
583,1643,605,3,0
583,1660,605,3,0
584,1592,585,2,1
585,1584,563,0,3
585,1590,563,0,3
585,1591,563,0,3
585,1607,563,0,3
585,1615,563,0,3
585,1617,563,0,3
585,1639,563,0,3
585,1649,563,0,3
585,1665,563,0,3
585,1669,563,0,3
585,1671,563,0,3
585,1677,563,0,3
591,1586,613,3,0
592,1645,614,3,0
594,1645,616,2,0
595,1586,617,3,0
606,1592,607,2,1
613,1586,635,3,0
613,1622,635,3,0
614,1645,636,3,0
616,1645,638,2,0
617,1586,639,3,0
627,1589,649,3,0
627,1660,649,3,0
628,1592,629,2,1
629,1584,607,0,3
629,1590,607,0,3
629,1591,607,0,3
629,1607,607,0,3
629,1615,607,0,3
629,1617,607,0,3
629,1639,607,0,3
629,1649,607,0,3
629,1665,607,0,3
629,1669,607,0,3
629,1671,607,0,3
629,1677,607,0,3
635,1586,657,3,0
636,1645,658,3,0
638,1645,660,2,0
639,1586,661,3,0
639,1645,661,3,0
640,1645,662,3,0
641,1645,663,3,0
642,1645,664,3,0
643,1645,665,3,0
650,1592,651,2,1
655,1645,677,3,0
656,1645,678,3,0
657,1586,679,3,0
657,1645,679,3,0
658,1645,680,3,0
661,1586,683,3,0
671,1589,693,3,0
671,1660,693,3,0
672,1592,673,2,1
673,1584,651,0,3
673,1591,651,0,3
673,1598,674,2,1
673,1615,651,0,3
673,1617,651,0,3
673,1649,651,0,3
673,1665,651,0,3
673,1671,651,0,3
683,1586,705,3,0
694,1592,695,2,1
695,1598,696,2,1
715,1589,737,3,0
715,1660,737,3,0
716,1592,717,2,1
717,1584,695,0,3
717,1591,695,0,3
717,1598,718,2,1
717,1617,695,0,3
717,1649,695,0,3
738,1592,739,2,1
739,1598,740,2,1
759,1589,781,3,0
759,1660,781,3,0
760,1592,761,2,1
761,1584,739,0,3
761,1591,739,0,3
761,1598,762,2,1
761,1617,739,0,3
782,1592,783,2,1
783,1598,784,2,1
803,1589,825,3,0
803,1660,825,3,0
804,1592,805,2,1
816,1586,838,3,0
817,1586,839,3,0
818,1586,840,3,0
819,1586,841,3,0
826,1592,827,2,1
847,1655,869,3,0
848,1592,849,2,1
875,1649,897,3,0
891,1655,913,3,0
891,1675,913,3,0
911,1613,912,2,1
930,1592,952,3,0
935,1636,957,3,0
935,1655,957,3,0
935,1675,957,3,0
937,1604,915,0,3
973,1674,974,2,1
974,1674,975,2,1
975,1674,976,2,1
976,1674,977,2,1
977,1674,978,2,1
979,1636,1001,3,0
979,1655,1001,3,0
979,1674,1674,4,0
979,1675,1001,3,0
981,1604,959,0,3
981,1676,959,0,3
1023,1588,1045,3,0
1023,1595,1045,3,0
1023,1636,1045,3,0
1023,1642,1045,3,0
1023,1645,1045,3,0
1023,1655,1045,3,0
1023,1675,1045,3,0
1024,1585,1025,2,1
1025,1604,1003,0,3
1025,1676,1003,0,3
1043,1674,1044,2,1
1046,1585,1047,2,1
1067,1588,1089,3,0
1067,1595,1089,3,0
1067,1612,1089,3,0
1067,1614,1089,3,0
1067,1620,1089,3,0
1067,1628,1089,3,0
1067,1636,1089,3,0
1067,1642,1089,3,0
1067,1645,1089,3,0
1067,1655,1089,3,0
1067,1675,1089,3,0
1069,1604,1047,0,3
1069,1676,1047,0,3
1086,1644,1085,1,2
1091,1628,1092,2,1
1111,1588,1133,3,0
1111,1594,1133,3,0
1111,1595,1133,3,0
1111,1597,1133,3,0
1111,1612,1133,3,0
1111,1614,1133,3,0
1111,1620,1133,3,0
1111,1628,1133,3,0
1111,1636,1133,3,0
1111,1642,1133,3,0
1111,1645,1133,3,0
1111,1655,1133,3,0
1111,1666,1133,3,0
1111,1675,1133,3,0
1113,1604,1091,0,3
1113,1654,1091,0,3
1113,1676,1091,0,3
1155,1588,1177,3,0
1155,1594,1177,3,0
1155,1595,1177,3,0
1155,1597,1177,3,0
1155,1612,1177,3,0
1155,1614,1177,3,0
1155,1619,1177,3,0
1155,1620,1177,3,0
1155,1628,1177,3,0
1155,1636,1177,3,0
1155,1642,1177,3,0
1155,1645,1177,3,0
1155,1655,1177,3,0
1155,1661,1177,3,0
1155,1666,1177,3,0
1155,1675,1177,3,0
1157,1593,1135,0,3
1157,1604,1135,0,3
1157,1648,1135,0,3
1157,1654,1135,0,3
1157,1658,1135,0,3
1157,1672,1135,0,3
1157,1676,1135,0,3
1168,1641,1169,2,1
1174,1625,1196,3,0
1190,1641,1191,2,1
1199,1588,1221,3,0
1199,1594,1221,3,0
1199,1595,1221,3,0
1199,1597,1221,3,0
1199,1612,1221,3,0
1199,1614,1221,3,0
1199,1619,1221,3,0
1199,1620,1221,3,0
1199,1628,1221,3,0
1199,1636,1221,3,0
1199,1642,1221,3,0
1199,1645,1221,3,0
1199,1655,1221,3,0
1199,1661,1221,3,0
1199,1666,1221,3,0
1199,1675,1221,3,0
1201,1593,1179,0,3
1201,1604,1179,0,3
1201,1648,1179,0,3
1201,1654,1179,0,3
1201,1658,1179,0,3
1201,1676,1179,0,3
1213,1641,1214,2,1
1217,1625,1239,3,0
1241,1660,1240,1,2
1243,1588,1265,3,0
1243,1594,1265,3,0
1243,1595,1265,3,0
1243,1597,1265,3,0
1243,1601,1265,3,0
1243,1603,1265,3,0
1243,1609,1265,3,0
1243,1612,1265,3,0
1243,1614,1265,3,0
1243,1619,1265,3,0
1243,1620,1265,3,0
1243,1626,1265,3,0
1243,1628,1265,3,0
1243,1629,1265,3,0
1243,1631,1265,3,0
1243,1636,1265,3,0
1243,1642,1265,3,0
1243,1645,1265,3,0
1243,1655,1265,3,0
1243,1661,1265,3,0
1243,1666,1265,3,0
1243,1670,1265,3,0
1243,1675,1265,3,0
1243,1679,1265,3,0
1245,1593,1223,0,3
1245,1648,1223,0,3
1245,1654,1223,0,3
1245,1658,1223,0,3
1245,1676,1223,0,3
1258,1641,1259,2,1
1261,1650,1283,3,0
1267,1603,1268,2,1
1267,1626,1268,2,1
1267,1631,1268,2,1
1287,1588,1309,3,0
1287,1594,1309,3,0
1287,1595,1309,3,0
1287,1597,1309,3,0
1287,1601,1309,3,0
1287,1603,1309,3,0
1287,1609,1309,3,0
1287,1612,1309,3,0
1287,1614,1309,3,0
1287,1619,1309,3,0
1287,1620,1309,3,0
1287,1626,1309,3,0
1287,1628,1309,3,0
1287,1629,1309,3,0
1287,1631,1309,3,0
1287,1636,1309,3,0
1287,1642,1309,3,0
1287,1645,1309,3,0
1287,1655,1309,3,0
1287,1661,1309,3,0
1287,1666,1309,3,0
1287,1670,1309,3,0
1287,1675,1309,3,0
1287,1679,1309,3,0
1289,1593,1267,0,3
1289,1648,1267,0,3
1289,1654,1267,0,3
1289,1658,1267,0,3
1291,1625,1313,3,0
1303,1641,1281,0,3
1326,1641,1304,0,3
1331,1588,1353,3,0
1331,1594,1353,3,0
1331,1595,1353,3,0
1331,1597,1353,3,0
1331,1601,1353,3,0
1331,1603,1353,3,0
1331,1609,1353,3,0
1331,1612,1353,3,0
1331,1614,1353,3,0
1331,1619,1353,3,0
1331,1620,1353,3,0
1331,1626,1353,3,0
1331,1628,1353,3,0
1331,1629,1353,3,0
1331,1631,1353,3,0
1331,1636,1353,3,0
1331,1642,1353,3,0
1331,1645,1353,3,0
1331,1655,1353,3,0
1331,1661,1353,3,0
1331,1666,1353,3,0
1331,1670,1353,3,0
1331,1675,1353,3,0
1331,1679,1353,3,0
1333,1593,1311,0,3
1333,1648,1311,0,3
1333,1654,1311,0,3
1333,1658,1311,0,3
1336,1625,1358,3,0
1344,1602,1345,2,1
1348,1641,1326,0,3
1367,1625,1368,2,1
1371,1641,1349,0,3
1375,1588,1397,3,0
1375,1594,1397,3,0
1375,1595,1397,3,0
1375,1597,1397,3,0
1375,1601,1397,3,0
1375,1603,1397,3,0
1375,1609,1397,3,0
1375,1612,1397,3,0
1375,1614,1397,3,0
1375,1619,1397,3,0
1375,1620,1397,3,0
1375,1626,1397,3,0
1375,1628,1397,3,0
1375,1629,1397,3,0
1375,1631,1397,3,0
1375,1636,1397,3,0
1375,1642,1397,3,0
1375,1645,1397,3,0
1375,1655,1397,3,0
1375,1661,1397,3,0
1375,1666,1397,3,0
1375,1670,1397,3,0
1375,1675,1397,3,0
1375,1679,1397,3,0
1377,1654,1355,0,3
1381,1625,1380,1,2
1387,1676,1409,3,0
1388,1625,1389,2,1
1404,1625,1403,1,2
1416,1641,1394,0,3
1419,1588,1441,3,0
1419,1594,1441,3,0
1419,1595,1441,3,0
1419,1597,1441,3,0
1419,1601,1441,3,0
1419,1603,1441,3,0
1419,1609,1441,3,0
1419,1612,1441,3,0
1419,1614,1441,3,0
1419,1619,1441,3,0
1419,1620,1441,3,0
1419,1626,1441,3,0
1419,1628,1441,3,0
1419,1629,1441,3,0
1419,1631,1441,3,0
1419,1636,1441,3,0
1419,1642,1441,3,0
1419,1645,1441,3,0
1419,1661,1441,3,0
1419,1666,1441,3,0
1419,1670,1441,3,0
1419,1675,1441,3,0
1419,1679,1441,3,0
1442,1641,1443,2,1
1449,1625,1448,1,2
1463,1588,1485,3,0
1463,1594,1485,3,0
1463,1595,1485,3,0
1463,1597,1485,3,0
1463,1601,1485,3,0
1463,1603,1485,3,0
1463,1609,1485,3,0
1463,1612,1485,3,0
1463,1614,1485,3,0
1463,1619,1485,3,0
1463,1620,1485,3,0
1463,1626,1485,3,0
1463,1628,1485,3,0
1463,1629,1485,3,0
1463,1631,1485,3,0
1463,1636,1485,3,0
1463,1642,1485,3,0
1463,1645,1485,3,0
1463,1661,1485,3,0
1463,1666,1485,3,0
1463,1670,1485,3,0
1463,1679,1485,3,0
1464,1641,1465,2,1
1465,1638,1443,0,3
1471,1625,1470,1,2
1486,1641,1487,2,1
1493,1625,1492,1,2
1494,1661,1495,2,1
1507,1588,1529,3,0
1507,1594,1529,3,0
1507,1595,1529,3,0
1507,1597,1529,3,0
1507,1601,1529,3,0
1507,1603,1529,3,0
1507,1609,1529,3,0
1507,1612,1529,3,0
1507,1614,1529,3,0
1507,1619,1529,3,0
1507,1620,1529,3,0
1507,1626,1529,3,0
1507,1628,1529,3,0
1507,1629,1529,3,0
1507,1631,1529,3,0
1507,1642,1529,3,0
1507,1645,1529,3,0
1507,1661,1529,3,0
1507,1666,1529,3,0
1507,1670,1529,3,0
1507,1679,1529,3,0
1508,1641,1509,2,1
1509,1638,1487,0,3
1509,1653,1487,0,3
1514,1637,1515,2,1
1515,1625,1514,1,2
1516,1661,1517,2,1
1530,1641,1531,2,1
1536,1637,1537,2,1
1537,1625,1536,1,2
1538,1661,1539,2,1
1542,1641,1564,3,0
1543,1638,1565,3,0
1543,1641,1565,3,0
1544,1641,1566,3,0
1545,1641,1567,3,0
1551,1588,1573,3,0
1551,1594,1573,3,0
1551,1595,1573,3,0
1551,1597,1573,3,0
1551,1601,1573,3,0
1551,1603,1573,3,0
1551,1609,1573,3,0
1551,1612,1573,3,0
1551,1614,1573,3,0
1551,1619,1573,3,0
1551,1620,1573,3,0
1551,1626,1573,3,0
1551,1628,1573,3,0
1551,1629,1573,3,0
1551,1631,1573,3,0
1551,1642,1573,3,0
1551,1645,1573,3,0
1551,1661,1573,3,0
1551,1666,1573,3,0
1551,1670,1573,3,0
1551,1679,1573,3,0
1552,1641,1553,2,1
1553,1638,1531,0,3
1559,1599,1560,2,1
1559,1625,1558,1,2
1560,1661,1561,2,1
1564,1638,1565,2,1
1564,1641,1563,1,2
1565,1641,1564,1,2
1566,1641,1565,1,2
1567,1641,1566,1,2
1574,1641,1575,2,1
1580,1638,1581,2,1
1581,1599,1582,2,1
1581,1625,1580,1,2
1582,1661,1583,2,1
1585,1625,140,0,4
1586,1606,859,0,4
1586,1625,859,0,4
1586,1650,859,0,4
1586,1652,838,0,4
1586,1655,859,0,4
1586,1656,859,0,4
1586,1675,859,0,4
1586,1680,859,0,4
1590,1629,838,0,4
1592,1599,507,0,4
1592,1622,507,0,4
1592,1623,442,0,4
1592,1624,507,0,4
1592,1625,1504,0,4
1592,1633,507,0,4
1592,1639,507,0,4
1592,1652,442,0,4
1592,1664,507,0,4
1593,1641,1564,0,4
1594,1609,184,0,4
1595,1625,96,0,4
1599,1592,771,0,4
1603,1607,837,0,4
1607,1603,838,0,4
1607,1626,838,0,4
1608,1641,70,0,4
1609,1594,206,0,4
1609,1683,837,0,4
1619,1677,836,0,4
1621,1641,1019,0,4
1622,1625,161,0,4
1623,1637,464,0,4
1623,1641,29,0,4
1624,1592,815,0,4
1625,1585,184,0,4
1625,1586,815,0,4
1625,1592,184,0,4
1625,1593,184,0,4
1625,1595,184,0,4
1625,1598,184,0,4
1625,1610,184,0,4
1625,1616,184,0,4
1625,1622,184,0,4
1625,1623,184,0,4
1625,1630,184,0,4
1625,1633,184,0,4
1625,1636,184,0,4
1625,1648,184,0,4
1625,1658,184,0,4
1625,1662,184,0,4
1625,1663,184,0,4
1625,1664,184,0,4
1625,1672,184,0,4
1625,1673,184,0,4
1625,1678,184,0,4
1625,1681,184,0,4
1626,1607,837,0,4
1627,1631,272,0,4
1627,1671,293,0,4
1629,1590,837,0,4
1631,1627,272,0,4
1633,1592,507,0,4
1636,1625,8,0,4
1636,1641,8,0,4
1637,1623,446,0,4
1638,1585,179,0,4
1638,1594,179,0,4
1638,1597,179,0,4
1638,1610,179,0,4
1638,1613,179,0,4
1638,1616,179,0,4
1638,1619,179,0,4
1638,1622,179,0,4
1638,1630,179,0,4
1638,1632,179,0,4
1638,1641,179,0,4
1638,1647,179,0,4
1638,1661,179,0,4
1638,1664,179,0,4
1638,1666,179,0,4
1638,1673,179,0,4
1638,1681,179,0,4
1639,1671,794,0,4
1641,1592,1563,0,4
1641,1593,1563,0,4
1641,1598,1563,0,4
1641,1608,45,0,4
1641,1621,1020,0,4
1641,1623,23,0,4
1641,1633,1563,0,4
1641,1636,1,0,4
1641,1640,1563,0,4
1641,1648,1563,0,4
1641,1653,45,0,4
1641,1655,1563,0,4
1641,1656,1020,0,4
1641,1658,1563,0,4
1641,1662,1563,0,4
1641,1663,1563,0,4
1641,1672,1563,0,4
1641,1675,1563,0,4
1641,1678,1563,0,4
1641,1680,1020,0,4
1645,1587,682,0,4
1645,1600,682,0,4
1645,1602,682,0,4
1645,1606,682,0,4
1645,1643,661,0,4
1645,1650,682,0,4
1645,1655,682,0,4
1645,1659,682,0,4
1645,1664,96,0,4
1645,1674,661,0,4
1645,1675,661,0,4
1645,1680,682,0,4
1645,1682,661,0,4
1648,1625,2,0,4
1648,1641,1564,0,4
1652,1592,446,0,4
1653,1641,201,0,4
1656,1641,1396,0,4
1658,1625,2,0,4
1658,1641,1564,0,4
1660,1650,866,0,4
1661,1598,162,0,4
1662,1625,1504,0,4
1664,1638,139,0,4
1664,1645,96,0,4
1670,1679,881,0,4
1671,1627,293,0,4
1671,1639,794,0,4
1672,1641,1564,0,4
1674,1654,979,0,4
1677,1619,838,0,4
1678,1641,1564,0,4
1679,1670,881,0,4
1680,1641,1396,0,4
1681,1625,88,0,4
1683,1609,837,0,4
