2,1593,1593,4,0
6,1611,5,0,1
16,1593,17,1,0
17,1593,18,1,0
18,1593,19,1,0
19,1627,20,1,0
28,1642,50,3,0
41,1627,42,2,1
49,1620,71,3,0
50,1620,72,3,0
51,1620,73,3,0
52,1620,74,3,0
54,1610,76,3,0
63,1627,64,2,1
64,1620,65,2,1
71,1620,72,2,1
72,1620,73,2,1
73,1620,74,2,1
73,1622,95,3,0
74,1620,1620,4,0
85,1627,86,2,1
86,1620,87,2,1
86,1681,108,3,0
93,1620,71,0,3
94,1620,72,0,3
95,1620,73,0,3
96,1620,74,0,3
107,1627,108,2,1
108,1620,109,2,1
128,1638,150,3,0
130,1620,131,2,1
137,1585,159,3,0
138,1585,160,3,0
139,1585,161,3,0
151,1585,152,2,1
152,1620,153,2,1
159,1585,160,2,1
160,1585,161,2,1
161,1585,1585,4,0
173,1585,174,2,1
174,1620,175,2,1
181,1613,180,1,2
187,1630,186,1,2
189,1648,190,2,1
195,1585,196,2,1
196,1620,197,2,1
203,1631,204,2,1
204,1631,205,2,1
205,1631,206,2,1
206,1631,1631,4,0
211,1648,212,2,1
217,1585,218,2,1
218,1620,219,2,1
225,1631,203,0,3
226,1631,204,0,3
227,1631,205,0,3
228,1631,206,0,3
232,1628,231,1,2
233,1606,211,0,3
233,1648,234,2,1
239,1585,240,2,1
240,1620,241,2,1
242,1620,243,1,1
243,1620,244,2,1
248,1627,270,3,0
249,1599,271,3,0
249,1627,271,3,0
250,1599,272,3,0
250,1627,272,3,0
255,1599,277,3,0
255,1627,277,3,0
255,1648,256,2,1
256,1599,278,3,0
256,1627,278,3,0
257,1599,279,3,0
257,1627,279,3,0
258,1599,280,3,0
258,1627,280,3,0
261,1585,262,2,1
262,1620,263,2,1
266,1596,265,1,2
267,1596,266,1,2
268,1596,267,1,2
269,1596,268,1,2
272,1660,294,3,0
277,1648,278,2,1
280,1596,281,2,1
281,1596,282,2,1
282,1596,283,2,1
283,1585,284,2,1
283,1596,1596,4,0
287,1585,288,2,1
288,1585,289,2,1
292,1635,314,3,0
294,1633,293,1,2
299,1648,300,2,1
305,1585,306,2,1
313,1671,314,2,1
314,1671,315,2,1
315,1660,337,3,0
315,1671,1671,4,0
321,1664,320,1,2
333,1585,334,2,1
336,1660,358,3,0
356,1585,357,2,1
356,1620,357,2,1
360,1639,359,1,2
372,1647,371,1,2
378,1585,379,2,1
379,1660,401,3,0
380,1669,402,3,0
401,1585,379,0,3
401,1620,379,0,3
405,1609,404,1,2
422,1660,423,2,1
423,1585,401,0,3
430,1603,429,1,2
446,1585,424,0,3
446,1620,424,0,3
452,1631,451,1,2
486,1660,487,2,1
491,1585,469,0,3
496,1626,495,1,2
514,1620,492,0,3
529,1660,530,2,1
541,1639,540,1,2
554,1590,555,2,1
590,1590,612,3,0
683,1642,705,3,0
684,1642,706,3,0
685,1642,707,3,0
686,1642,708,3,0
687,1642,709,3,0
766,1672,767,2,1
771,1597,793,3,0
771,1635,793,3,0
772,1597,794,3,0
773,1597,795,3,0
774,1597,796,3,0
775,1597,797,3,0
786,1597,808,3,0
787,1597,809,3,0
788,1597,810,3,0
788,1672,789,2,1
789,1597,811,3,0
810,1672,811,2,1
832,1672,833,2,1
849,1607,850,2,1
854,1672,855,2,1
871,1607,872,2,1
876,1672,877,2,1
880,1629,902,2,0
893,1607,894,2,1
896,1629,918,3,0
897,1629,919,3,0
898,1629,920,3,0
899,1629,921,3,0
900,1629,922,3,0
902,1629,1629,4,0
915,1607,916,2,1
918,1629,919,2,1
919,1629,920,2,1
920,1610,942,3,0
920,1629,921,2,1
921,1629,922,2,1
924,1629,902,0,2
944,1629,922,0,3
946,1629,924,0,2
966,1629,944,0,3
968,1629,946,0,2
988,1629,966,0,3
990,1629,968,0,2
1010,1629,988,0,3
1012,1629,990,0,2
1032,1629,1010,0,3
1034,1629,1012,0,2
1054,1629,1032,0,3
1056,1629,1034,0,2
1076,1629,1054,0,3
1078,1629,1056,0,2
1084,1672,1106,3,0
1098,1629,1076,0,3
1100,1629,1078,0,2
1120,1629,1098,0,3
1122,1629,1100,0,2
1142,1629,1120,0,3
1144,1629,1122,0,2
1164,1629,1142,0,3
1166,1629,1144,0,2
1186,1629,1164,0,3
1188,1629,1166,0,2
1208,1629,1186,0,3
1210,1629,1188,0,2
1218,1631,1240,3,0
1222,1629,1223,2,1
1230,1629,1208,0,3
1232,1629,1210,0,2
1245,1629,1246,2,1
1252,1629,1230,0,3
1254,1629,1232,0,2
1256,1596,1278,3,0
1267,1607,1268,2,1
1267,1627,1268,2,1
1271,1593,1293,3,0
1273,1596,1295,3,0
1274,1629,1252,0,3
1276,1629,1254,0,2
1290,1629,1291,2,1
1290,1672,1289,1,2
1295,1596,1317,3,0
1296,1629,1274,0,3
1298,1629,1276,0,2
1313,1629,1314,2,1
1318,1629,1296,0,3
1320,1629,1298,0,2
1322,1648,1344,3,0
1325,1631,1347,3,0
1335,1629,1336,2,1
1340,1629,1318,0,3
1342,1629,1320,0,2
1358,1629,1336,0,3
1362,1629,1340,0,3
1364,1629,1342,0,2
1368,1631,1369,2,1
1380,1629,1358,0,3
1384,1629,1362,0,3
1386,1629,1364,0,2
1403,1629,1381,0,3
1406,1629,1384,0,3
1408,1629,1386,0,2
1411,1631,1412,2,1
1414,1596,1413,1,2
1425,1629,1403,0,3
1428,1629,1406,0,3
1430,1629,1408,0,2
1432,1631,1433,2,1
1437,1653,1459,3,0
1444,1653,1466,3,0
1445,1653,1467,3,0
1446,1653,1468,3,0
1448,1629,1426,0,3
1450,1629,1428,0,3
1452,1629,1430,0,2
1459,1596,1458,1,2
1466,1596,1467,2,1
1471,1629,1449,0,3
1472,1629,1450,0,3
1472,1642,1473,2,1
1474,1629,1452,0,2
1487,1596,1488,2,1
1493,1627,1494,2,1
1494,1629,1472,0,3
1494,1642,1495,2,1
1496,1629,1474,0,2
1515,1627,1516,2,1
1516,1629,1494,0,3
1516,1642,1517,2,1
1519,1660,1497,0,3
1520,1660,1498,0,3
1521,1660,1499,0,3
1522,1660,1500,0,3
1523,1660,1501,0,3
1537,1627,1538,2,1
1538,1642,1539,2,1
1541,1660,1519,0,3
1542,1660,1520,0,3
1543,1660,1521,0,3
1544,1660,1522,0,3
1545,1660,1523,0,3
1559,1627,1560,2,1
1560,1642,1561,2,1
1579,1638,17,3,3
1581,1627,1582,2,1
1582,1642,1583,2,1
1585,1613,161,0,4
1585,1620,74,0,4
1585,1634,161,0,4
1585,1638,161,0,4
1585,1653,161,0,4
1585,1657,161,0,4
1585,1674,161,0,4
1585,1682,161,0,4
1587,1617,936,0,4
1587,1629,914,0,4
1592,1631,1504,0,4
1593,1613,2,0,4
1593,1616,2,0,4
1593,1678,1499,0,4
1593,1681,2,0,4
1595,1620,74,0,4
1596,1608,283,0,4
1596,1611,283,0,4
1596,1657,283,0,4
1596,1668,283,0,4
1596,1673,283,0,4
1597,1590,793,0,4
1597,1607,793,0,4
1597,1625,793,0,4
1597,1665,793,0,4
1597,1677,793,0,4
1598,1631,7,0,4
1598,1660,1481,0,4
1599,1609,815,0,4
1599,1629,815,0,4
1599,1634,815,0,4
1599,1670,272,0,4
1599,1679,272,0,4
1602,1629,958,0,4
1605,1631,203,0,4
1608,1620,93,0,4
1608,1631,180,0,4
1608,1660,1502,0,4
1609,1599,815,0,4
1609,1613,881,0,4
1611,1620,93,0,4
1611,1631,180,0,4
1612,1660,770,0,4
1613,1609,891,0,4
1613,1649,891,0,4
1616,1593,88,0,4
1617,1587,926,0,4
1619,1673,119,0,4
1620,1585,74,0,4
1620,1595,74,0,4
1620,1605,74,0,4
1620,1608,74,0,4
1620,1611,74,0,4
1620,1613,74,0,4
1620,1616,74,0,4
1620,1622,74,0,4
1620,1623,74,0,4
1620,1641,74,0,4
1620,1657,74,0,4
1620,1664,74,0,4
1620,1681,74,0,4
1622,1598,117,0,4
1622,1620,74,0,4
1622,1663,117,0,4
1623,1620,73,0,4
1625,1665,293,0,4
1627,1585,272,0,4
1627,1595,272,0,4
1627,1622,272,0,4
1627,1623,293,0,4
1627,1633,293,0,4
1627,1636,272,0,4
1627,1664,816,0,4
1627,1668,272,0,4
1627,1673,272,0,4
1629,1587,902,0,4
1629,1596,902,0,4
1629,1599,815,0,4
1629,1602,902,0,4
1629,1610,902,0,4
1629,1630,902,0,4
1629,1632,902,0,4
1629,1647,902,0,4
1630,1679,880,0,4
1631,1585,206,0,4
1631,1592,206,0,4
1631,1595,206,0,4
1631,1598,206,0,4
1631,1605,206,0,4
1631,1608,206,0,4
1631,1611,206,0,4
1631,1622,206,0,4
1631,1623,206,0,4
1631,1633,206,0,4
1631,1636,206,0,4
1631,1657,206,0,4
1631,1662,206,0,4
1631,1663,206,0,4
1631,1664,206,0,4
1631,1683,206,0,4
1633,1627,29,0,4
1634,1585,239,0,4
1634,1599,849,0,4
1634,1683,805,0,4
1635,1612,859,0,4
1635,1649,316,0,4
1636,1660,1526,0,4
1637,1669,816,0,4
1638,1585,201,0,4
1641,1660,954,0,4
1642,1638,74,0,4
1642,1660,705,0,4
1643,1671,328,0,4
1649,1613,882,0,4
1649,1635,316,0,4
1653,1585,201,0,4
1657,1585,181,0,4
1657,1631,181,0,4
1658,1660,1520,0,4
1660,1585,1497,0,4
1660,1588,1497,0,4
1660,1592,1497,0,4
1660,1593,1497,0,4
1660,1595,1497,0,4
1660,1598,1475,0,4
1660,1605,1497,0,4
1660,1608,1497,0,4
1660,1611,1497,0,4
1660,1612,866,0,4
1660,1622,1497,0,4
1660,1623,1497,0,4
1660,1628,1497,0,4
1660,1633,1497,0,4
1660,1636,1497,0,4
1660,1640,1497,0,4
1660,1641,910,0,4
1660,1642,866,0,4
1660,1645,1497,0,4
1660,1648,1497,0,4
1660,1657,1497,0,4
1660,1658,1497,0,4
1660,1662,1497,0,4
1660,1663,1497,0,4
1660,1664,1497,0,4
1660,1672,1497,0,4
1662,1631,1504,0,4
1663,1660,1525,0,4
1664,1620,96,0,4
1664,1627,662,0,4
1664,1680,639,0,4
1665,1625,293,0,4
1669,1637,816,0,4
1670,1599,272,0,4
1671,1587,315,0,4
1671,1596,315,0,4
1671,1602,315,0,4
1671,1643,315,0,4
1673,1619,123,0,4
1674,1585,262,0,4
1678,1593,1499,0,4
1679,1599,272,0,4
1679,1630,881,0,4
1680,1664,637,0,4
1681,1593,66,0,4
1681,1620,66,0,4
1682,1585,263,0,4
1683,1631,206,0,4
1683,1634,793,0,4
