30,1668,31,2,1
31,1618,32,2,1
32,1610,33,2,1
32,1650,33,2,1
32,1656,33,2,1
33,1600,11,0,2
33,1601,55,3,0
33,1619,55,3,0
33,1630,55,3,0
33,1659,11,0,2
33,1661,55,3,0
34,1594,56,3,0
34,1597,56,3,0
34,1599,56,3,0
34,1603,56,3,0
34,1609,56,3,0
34,1624,56,3,0
34,1625,56,3,0
34,1626,56,3,0
34,1629,56,3,0
34,1631,56,3,0
34,1635,56,3,0
34,1636,12,0,2
34,1655,12,0,2
34,1666,56,3,0
34,1670,56,3,0
34,1675,12,0,2
34,1679,56,3,0
34,1683,56,3,0
35,1584,57,3,0
35,1586,57,3,0
35,1590,57,3,0
35,1591,57,3,0
35,1592,13,0,2
35,1607,57,3,0
35,1615,57,3,0
35,1617,57,3,0
35,1622,57,3,0
35,1627,57,3,0
35,1637,57,3,0
35,1639,57,3,0
35,1649,57,3,0
35,1651,57,3,0
35,1662,13,0,2
35,1664,57,3,0
35,1665,57,3,0
35,1669,57,3,0
35,1671,57,3,0
35,1677,57,3,0
74,1668,75,2,1
75,1618,76,2,1
76,1650,77,2,1
76,1656,77,2,1
77,1600,55,0,3
77,1601,99,3,0
77,1619,99,3,0
77,1630,99,3,0
77,1659,55,0,3
78,1599,100,3,0
78,1603,100,3,0
78,1609,100,3,0
78,1624,100,3,0
78,1625,100,3,0
78,1626,100,3,0
78,1629,100,3,0
78,1631,100,3,0
78,1635,100,3,0
78,1636,56,0,3
78,1655,56,0,3
78,1666,100,3,0
78,1670,100,3,0
78,1675,56,0,3
78,1679,100,3,0
78,1683,100,3,0
79,1584,101,3,0
79,1586,101,3,0
79,1590,101,3,0
79,1591,101,3,0
79,1592,57,0,3
79,1607,101,3,0
79,1615,101,3,0
79,1617,101,3,0
79,1627,101,3,0
79,1633,57,0,3
79,1637,101,3,0
79,1639,101,3,0
79,1649,101,3,0
79,1651,101,3,0
79,1662,57,0,3
79,1665,101,3,0
79,1669,101,3,0
79,1671,101,3,0
79,1677,101,3,0
108,1631,109,2,1
118,1668,119,2,1
119,1618,120,2,1
120,1650,121,2,1
120,1656,121,2,1
121,1600,99,0,3
121,1601,143,3,0
121,1612,99,0,3
121,1614,99,0,3
121,1659,99,0,3
122,1588,100,0,3
122,1595,100,0,3
122,1599,144,3,0
122,1603,144,3,0
122,1609,144,3,0
122,1624,144,3,0
122,1625,144,3,0
122,1626,144,3,0
122,1629,144,3,0
122,1631,144,3,0
122,1635,144,3,0
122,1636,100,0,3
122,1655,100,0,3
122,1670,144,3,0
122,1675,100,0,3
122,1679,144,3,0
122,1683,144,3,0
123,1584,145,3,0
123,1586,145,3,0
123,1590,145,3,0
123,1591,145,3,0
123,1592,101,0,3
123,1607,145,3,0
123,1615,145,3,0
123,1617,145,3,0
123,1623,101,0,3
123,1627,145,3,0
123,1633,101,0,3
123,1637,145,3,0
123,1639,145,3,0
123,1649,145,3,0
123,1651,145,3,0
123,1662,101,0,3
123,1665,145,3,0
123,1669,145,3,0
123,1671,145,3,0
123,1677,145,3,0
130,1631,131,2,1
130,1679,131,2,1
152,1631,153,2,1
152,1679,153,2,1
163,1618,164,2,1
164,1650,165,2,1
164,1656,165,2,1
165,1600,143,0,3
165,1601,187,3,0
165,1612,143,0,3
165,1614,143,0,3
165,1659,143,0,3
166,1588,144,0,3
166,1595,144,0,3
166,1603,188,3,0
166,1609,188,3,0
166,1620,144,0,3
166,1624,188,3,0
166,1626,188,3,0
166,1628,144,0,3
166,1629,188,3,0
166,1631,188,3,0
166,1635,188,3,0
166,1636,144,0,3
166,1642,144,0,3
166,1645,144,0,3
166,1655,144,0,3
166,1670,188,3,0
166,1675,144,0,3
166,1679,188,3,0
167,1584,189,3,0
167,1586,189,3,0
167,1590,189,3,0
167,1591,189,3,0
167,1592,145,0,3
167,1607,189,3,0
167,1615,189,3,0
167,1617,189,3,0
167,1623,145,0,3
167,1627,189,3,0
167,1633,145,0,3
167,1637,189,3,0
167,1639,189,3,0
167,1649,189,3,0
167,1651,189,3,0
167,1662,145,0,3
167,1665,189,3,0
167,1669,189,3,0
167,1671,189,3,0
167,1677,189,3,0
174,1631,175,2,1
174,1679,175,2,1
196,1631,197,2,1
196,1679,197,2,1
206,1673,207,2,1
207,1618,208,2,1
208,1610,209,2,1
208,1650,209,2,1
208,1656,209,2,1
209,1600,187,0,3
209,1612,187,0,3
209,1614,187,0,3
209,1619,187,0,3
209,1632,187,0,3
209,1659,187,0,3
210,1588,188,0,3
210,1594,188,0,3
210,1595,188,0,3
210,1597,188,0,3
210,1620,188,0,3
210,1628,188,0,3
210,1635,232,3,0
210,1636,188,0,3
210,1642,188,0,3
210,1645,188,0,3
210,1655,188,0,3
210,1666,188,0,3
210,1675,188,0,3
211,1584,233,3,0
211,1585,189,0,3
211,1586,233,3,0
211,1590,233,3,0
211,1591,233,3,0
211,1592,189,0,3
211,1607,233,3,0
211,1615,233,3,0
211,1617,233,3,0
211,1622,189,0,3
211,1623,189,0,3
211,1627,233,3,0
211,1633,189,0,3
211,1637,233,3,0
211,1639,233,3,0
211,1649,233,3,0
211,1651,233,3,0
211,1662,189,0,3
211,1664,189,0,3
211,1665,233,3,0
211,1669,233,3,0
211,1671,233,3,0
211,1677,233,3,0
218,1631,219,2,1
218,1679,219,2,1
250,1673,251,2,1
251,1618,252,2,1
252,1610,253,2,1
252,1650,253,2,1
252,1656,253,2,1
253,1612,231,0,3
253,1614,231,0,3
253,1619,231,0,3
253,1630,231,0,3
253,1632,231,0,3
254,1588,232,0,3
254,1594,232,0,3
254,1595,232,0,3
254,1597,232,0,3
254,1620,232,0,3
254,1628,232,0,3
254,1636,232,0,3
254,1642,232,0,3
254,1645,232,0,3
254,1655,232,0,3
254,1660,276,3,0
254,1661,232,0,3
254,1666,232,0,3
254,1675,232,0,3
255,1584,277,3,0
255,1585,233,0,3
255,1586,277,3,0
255,1591,277,3,0
255,1592,233,0,3
255,1604,277,3,0
255,1615,277,3,0
255,1617,277,3,0
255,1622,233,0,3
255,1623,233,0,3
255,1633,233,0,3
255,1637,277,3,0
255,1649,277,3,0
255,1651,277,3,0
255,1662,233,0,3
255,1664,233,0,3
255,1665,277,3,0
255,1669,277,3,0
255,1676,277,3,0
294,1668,295,2,1
294,1673,295,2,1
295,1618,296,2,1
296,1610,297,2,1
296,1656,297,2,1
297,1601,275,0,3
297,1612,275,0,3
297,1614,275,0,3
297,1619,275,0,3
297,1630,275,0,3
297,1632,275,0,3
298,1588,276,0,3
298,1589,320,3,0
298,1594,276,0,3
298,1595,276,0,3
298,1597,276,0,3
298,1620,276,0,3
298,1628,276,0,3
298,1636,276,0,3
298,1642,276,0,3
298,1645,276,0,3
298,1655,276,0,3
298,1660,320,3,0
298,1661,276,0,3
298,1666,276,0,3
298,1667,320,3,0
298,1675,276,0,3
298,1683,276,0,3
299,1584,321,3,0
299,1585,277,0,3
299,1591,321,3,0
299,1592,277,0,3
299,1604,321,3,0
299,1617,321,3,0
299,1622,277,0,3
299,1623,277,0,3
299,1633,277,0,3
299,1649,321,3,0
299,1662,277,0,3
299,1664,277,0,3
299,1676,321,3,0
313,1627,335,3,0
314,1627,336,3,0
315,1627,337,3,0
327,1627,328,2,1
335,1627,336,2,1
336,1627,337,2,1
337,1627,1627,4,0
338,1668,339,2,1
338,1673,339,2,1
340,1610,341,2,1
340,1656,341,2,1
341,1601,319,0,3
341,1612,319,0,3
341,1614,319,0,3
341,1616,363,3,0
341,1619,319,0,3
341,1630,319,0,3
341,1632,319,0,3
341,1681,363,3,0
342,1588,320,0,3
342,1589,364,3,0
342,1594,320,0,3
342,1595,320,0,3
342,1597,320,0,3
342,1603,320,0,3
342,1609,320,0,3
342,1620,320,0,3
342,1626,320,0,3
342,1628,320,0,3
342,1629,320,0,3
342,1631,320,0,3
342,1636,320,0,3
342,1642,320,0,3
342,1645,320,0,3
342,1646,364,3,0
342,1655,320,0,3
342,1660,364,3,0
342,1661,320,0,3
342,1666,320,0,3
342,1667,364,3,0
342,1670,320,0,3
342,1675,320,0,3
342,1679,320,0,3
342,1683,320,0,3
343,1584,365,3,0
343,1585,321,0,3
343,1599,321,0,3
343,1604,365,3,0
343,1622,321,0,3
343,1623,321,0,3
343,1625,321,0,3
343,1644,365,3,0
343,1664,321,0,3
343,1676,365,3,0
349,1627,350,2,1
362,1601,361,1,2
363,1601,362,1,2
371,1627,372,2,1
382,1668,383,2,1
382,1673,383,2,1
384,1610,385,2,1
384,1613,385,2,1
384,1656,385,2,1
385,1612,363,0,3
385,1614,363,0,3
385,1616,407,3,0
385,1619,363,0,3
385,1630,363,0,3
385,1632,363,0,3
385,1681,407,3,0
386,1588,364,0,3
386,1589,408,3,0
386,1594,364,0,3
386,1595,364,0,3
386,1597,364,0,3
386,1603,364,0,3
386,1609,364,0,3
386,1620,364,0,3
386,1626,364,0,3
386,1628,364,0,3
386,1629,364,0,3
386,1631,364,0,3
386,1641,408,3,0
386,1642,364,0,3
386,1645,364,0,3
386,1646,408,3,0
386,1660,408,3,0
386,1661,364,0,3
386,1666,364,0,3
386,1667,408,3,0
386,1670,364,0,3
386,1679,364,0,3
386,1683,364,0,3
387,1585,365,0,3
387,1599,365,0,3
387,1604,409,3,0
387,1621,409,3,0
387,1622,365,0,3
387,1624,365,0,3
387,1625,365,0,3
387,1627,365,0,3
387,1639,365,0,3
387,1644,409,3,0
387,1654,409,3,0
387,1664,365,0,3
387,1671,365,0,3
387,1676,409,3,0
393,1627,394,2,1
415,1627,416,2,1
420,1626,421,2,1
421,1663,443,3,0
422,1663,444,3,0
423,1663,445,3,0
426,1668,427,2,1
426,1673,427,2,1
428,1610,429,2,1
428,1613,429,2,1
429,1612,407,0,3
429,1614,407,0,3
429,1616,451,3,0
429,1619,407,0,3
429,1630,407,0,3
429,1632,407,0,3
429,1681,451,3,0
430,1588,408,0,3
430,1589,452,3,0
430,1594,408,0,3
430,1595,408,0,3
430,1597,408,0,3
430,1603,408,0,3
430,1609,408,0,3
430,1620,408,0,3
430,1626,408,0,3
430,1628,408,0,3
430,1629,408,0,3
430,1631,408,0,3
430,1641,452,3,0
430,1642,408,0,3
430,1645,408,0,3
430,1646,452,3,0
430,1660,452,3,0
430,1661,408,0,3
430,1666,408,0,3
430,1667,452,3,0
430,1670,408,0,3
430,1679,408,0,3
430,1683,408,0,3
431,1585,409,0,3
431,1586,409,0,3
431,1593,453,3,0
431,1599,409,0,3
431,1604,453,3,0
431,1621,453,3,0
431,1622,409,0,3
431,1624,409,0,3
431,1625,409,0,3
431,1627,409,0,3
431,1635,409,0,3
431,1639,409,0,3
431,1644,453,3,0
431,1648,453,3,0
431,1651,409,0,3
431,1654,453,3,0
431,1658,453,3,0
431,1664,409,0,3
431,1665,409,0,3
431,1671,409,0,3
431,1676,453,3,0
437,1627,438,2,1
459,1627,460,2,1
464,1627,465,2,1
465,1627,466,2,1
470,1634,471,2,1
470,1668,471,2,1
470,1673,471,2,1
472,1610,473,2,1
472,1613,473,2,1
473,1612,451,0,3
473,1614,451,0,3
473,1616,495,3,0
473,1619,451,0,3
473,1630,451,0,3
473,1632,451,0,3
473,1681,495,3,0
474,1588,452,0,3
474,1589,496,3,0
474,1594,452,0,3
474,1597,452,0,3
474,1603,452,0,3
474,1609,452,0,3
474,1620,452,0,3
474,1626,452,0,3
474,1628,452,0,3
474,1629,452,0,3
474,1631,452,0,3
474,1641,496,3,0
474,1642,452,0,3
474,1645,452,0,3
474,1646,496,3,0
474,1660,496,3,0
474,1661,452,0,3
474,1666,452,0,3
474,1667,496,3,0
474,1670,452,0,3
474,1679,452,0,3
474,1683,452,0,3
475,1585,453,0,3
475,1586,453,0,3
475,1591,453,0,3
475,1593,497,3,0
475,1599,453,0,3
475,1604,497,3,0
475,1617,453,0,3
475,1621,497,3,0
475,1622,453,0,3
475,1624,453,0,3
475,1625,453,0,3
475,1627,453,0,3
475,1635,453,0,3
475,1639,453,0,3
475,1644,497,3,0
475,1648,497,3,0
475,1649,453,0,3
475,1651,453,0,3
475,1654,497,3,0
475,1658,497,3,0
475,1665,453,0,3
475,1671,453,0,3
475,1672,497,3,0
475,1676,497,3,0
481,1627,482,2,1
510,1627,511,2,1
514,1596,515,2,1
514,1634,515,2,1
514,1668,515,2,1
514,1673,515,2,1
515,1643,516,2,1
515,1674,516,2,1
516,1610,517,2,1
516,1613,517,2,1
516,1682,517,2,1
517,1612,495,0,3
517,1614,495,0,3
517,1616,539,3,0
517,1619,495,0,3
517,1630,495,0,3
517,1632,495,0,3
517,1681,539,3,0
518,1588,496,0,3
518,1589,540,3,0
518,1594,496,0,3
518,1597,496,0,3
518,1603,496,0,3
518,1609,496,0,3
518,1620,496,0,3
518,1626,496,0,3
518,1629,496,0,3
518,1631,496,0,3
518,1641,540,3,0
518,1642,496,0,3
518,1646,540,3,0
518,1660,540,3,0
518,1661,496,0,3
518,1666,496,0,3
518,1667,540,3,0
518,1670,496,0,3
518,1679,496,0,3
518,1683,496,0,3
519,1584,497,0,3
519,1586,497,0,3
519,1591,497,0,3
519,1593,541,3,0
519,1599,497,0,3
519,1604,541,3,0
519,1617,497,0,3
519,1621,541,3,0
519,1624,497,0,3
519,1625,497,0,3
519,1627,497,0,3
519,1635,497,0,3
519,1639,497,0,3
519,1644,541,3,0
519,1648,541,3,0
519,1649,497,0,3
519,1651,497,0,3
519,1654,541,3,0
519,1658,541,3,0
519,1665,497,0,3
519,1671,497,0,3
519,1672,541,3,0
519,1676,541,3,0
524,1655,546,3,0
555,1627,533,0,3
558,1596,559,2,1
558,1634,559,2,1
558,1668,559,2,1
558,1673,559,2,1
559,1587,560,2,1
559,1602,560,2,1
559,1643,560,2,1
559,1674,560,2,1
560,1610,561,2,1
560,1613,561,2,1
560,1682,561,2,1
561,1616,583,3,0
561,1619,539,0,3
561,1630,539,0,3
561,1632,539,0,3
561,1681,583,3,0
562,1589,584,3,0
562,1603,540,0,3
562,1609,540,0,3
562,1626,540,0,3
562,1629,540,0,3
562,1631,540,0,3
562,1641,584,3,0
562,1646,584,3,0
562,1660,584,3,0
562,1661,540,0,3
562,1666,540,0,3
562,1667,584,3,0
562,1670,540,0,3
562,1679,540,0,3
562,1683,540,0,3
563,1584,541,0,3
563,1586,541,0,3
563,1591,541,0,3
563,1593,585,3,0
563,1599,541,0,3
563,1604,585,3,0
563,1617,541,0,3
563,1621,585,3,0
563,1624,541,0,3
563,1625,541,0,3
563,1627,541,0,3
563,1635,541,0,3
563,1639,541,0,3
563,1644,585,3,0
563,1648,585,3,0
563,1649,541,0,3
563,1651,541,0,3
563,1654,585,3,0
563,1658,585,3,0
563,1665,541,0,3
563,1671,541,0,3
563,1672,585,3,0
563,1676,585,3,0
600,1627,578,0,3
602,1596,603,2,1
602,1634,603,2,1
602,1668,603,2,1
602,1673,603,2,1
603,1587,604,2,1
603,1602,604,2,1
603,1643,604,2,1
603,1674,604,2,1
604,1610,605,2,1
604,1613,605,2,1
604,1682,605,2,1
605,1616,627,3,0
605,1619,583,0,3
605,1630,583,0,3
605,1632,583,0,3
605,1681,627,3,0
606,1589,628,3,0
606,1603,584,0,3
606,1609,584,0,3
606,1626,584,0,3
606,1629,584,0,3
606,1631,584,0,3
606,1641,628,3,0
606,1646,628,3,0
606,1660,628,3,0
606,1661,584,0,3
606,1667,628,3,0
606,1670,584,0,3
606,1679,584,0,3
606,1683,584,0,3
607,1584,585,0,3
607,1586,585,0,3
607,1591,585,0,3
607,1593,629,3,0
607,1599,585,0,3
607,1604,629,3,0
607,1617,585,0,3
607,1621,629,3,0
607,1624,585,0,3
607,1625,585,0,3
607,1627,585,0,3
607,1635,585,0,3
607,1639,585,0,3
607,1644,629,3,0
607,1648,629,3,0
607,1649,585,0,3
607,1651,585,0,3
607,1654,629,3,0
607,1658,629,3,0
607,1665,585,0,3
607,1671,585,0,3
607,1672,629,3,0
607,1676,629,3,0
623,1627,601,0,3
645,1627,623,0,3
646,1596,647,2,1
646,1634,647,2,1
646,1668,647,2,1
646,1673,647,2,1
647,1587,648,2,1
647,1602,648,2,1
647,1643,648,2,1
647,1674,648,2,1
648,1610,649,2,1
648,1613,649,2,1
648,1682,649,2,1
649,1616,671,3,0
649,1619,627,0,3
649,1630,627,0,3
649,1632,627,0,3
649,1659,671,3,0
649,1681,671,3,0
650,1589,672,3,0
650,1603,628,0,3
650,1609,628,0,3
650,1626,628,0,3
650,1629,628,0,3
650,1631,628,0,3
650,1641,672,3,0
650,1646,672,3,0
650,1660,672,3,0
650,1667,672,3,0
650,1670,628,0,3
650,1679,628,0,3
651,1584,629,0,3
651,1586,629,0,3
651,1591,629,0,3
651,1593,673,3,0
651,1604,673,3,0
651,1617,629,0,3
651,1621,673,3,0
651,1624,629,0,3
651,1627,629,0,3
651,1635,629,0,3
651,1644,673,3,0
651,1648,673,3,0
651,1649,629,0,3
651,1651,629,0,3
651,1654,673,3,0
651,1658,673,3,0
651,1665,629,0,3
651,1672,673,3,0
651,1676,673,3,0
690,1596,691,2,1
690,1634,691,2,1
690,1668,691,2,1
690,1673,691,2,1
691,1587,692,2,1
691,1602,692,2,1
691,1643,692,2,1
691,1674,692,2,1
692,1610,693,2,1
692,1613,693,2,1
692,1682,693,2,1
693,1600,715,3,0
693,1616,715,3,0
693,1659,715,3,0
693,1681,715,3,0
694,1589,716,3,0
694,1641,716,3,0
694,1646,716,3,0
694,1660,716,3,0
694,1667,716,3,0
695,1584,673,0,3
695,1586,673,0,3
695,1591,673,0,3
695,1593,717,3,0
695,1604,717,3,0
695,1617,673,0,3
695,1621,717,3,0
695,1635,673,0,3
695,1644,717,3,0
695,1648,717,3,0
695,1649,673,0,3
695,1651,673,0,3
695,1654,717,3,0
695,1658,717,3,0
695,1672,717,3,0
695,1676,717,3,0
727,1642,705,0,3
728,1642,706,0,3
729,1642,707,0,3
730,1642,708,0,3
731,1642,709,0,3
734,1596,735,2,1
734,1634,735,2,1
734,1668,735,2,1
734,1673,735,2,1
735,1587,736,2,1
735,1602,736,2,1
735,1643,736,2,1
735,1674,736,2,1
736,1606,737,2,1
736,1613,737,2,1
736,1682,737,2,1
737,1600,759,3,0
737,1616,759,3,0
737,1659,759,3,0
737,1681,759,3,0
738,1589,760,3,0
738,1641,760,3,0
738,1646,760,3,0
738,1660,760,3,0
738,1667,760,3,0
739,1584,717,0,3
739,1593,761,3,0
739,1604,761,3,0
739,1621,761,3,0
739,1638,761,3,0
739,1644,761,3,0
739,1648,761,3,0
739,1654,761,3,0
739,1658,761,3,0
739,1672,761,3,0
739,1676,761,3,0
742,1642,720,0,3
743,1642,721,0,3
744,1642,722,0,3
745,1642,723,0,3
746,1642,724,0,3
749,1642,727,0,3
750,1642,728,0,3
751,1642,729,0,3
752,1642,730,0,3
753,1642,731,0,3
762,1659,784,3,0
764,1642,742,0,3
765,1642,743,0,3
766,1642,744,0,3
767,1642,745,0,3
768,1642,746,0,3
772,1607,794,3,0
778,1596,779,2,1
778,1668,779,2,1
778,1673,779,2,1
779,1587,780,2,1
779,1602,780,2,1
779,1643,780,2,1
779,1674,780,2,1
781,1600,803,3,0
781,1616,803,3,0
781,1659,803,3,0
781,1681,803,3,0
782,1589,804,3,0
782,1641,804,3,0
782,1646,804,3,0
782,1660,804,3,0
782,1667,804,3,0
783,1593,805,3,0
783,1604,805,3,0
783,1621,805,3,0
783,1638,805,3,0
783,1644,805,3,0
783,1648,805,3,0
783,1653,805,3,0
783,1654,805,3,0
783,1658,805,3,0
783,1672,805,3,0
783,1676,805,3,0
789,1607,811,3,0
793,1625,815,3,0
808,1625,830,3,0
809,1625,831,3,0
810,1625,832,3,0
811,1625,833,3,0
812,1625,834,3,0
815,1625,1625,4,0
822,1668,823,2,1
823,1587,824,2,1
823,1602,824,2,1
823,1643,824,2,1
823,1674,824,2,1
824,1606,825,2,1
824,1613,825,2,1
824,1650,825,2,1
824,1656,825,2,1
824,1682,825,2,1
825,1600,847,3,0
825,1616,847,3,0
825,1655,847,3,0
825,1659,847,3,0
825,1681,847,3,0
826,1589,848,3,0
826,1641,848,3,0
826,1646,848,3,0
827,1593,849,3,0
827,1621,849,3,0
827,1638,849,3,0
827,1644,849,3,0
827,1648,849,3,0
827,1653,849,3,0
827,1654,849,3,0
827,1658,849,3,0
827,1672,849,3,0
830,1625,831,2,1
831,1625,832,2,1
832,1625,833,2,1
833,1625,834,2,1
837,1625,815,0,3
841,1671,840,1,2
856,1625,834,0,3
859,1625,837,0,3
867,1587,868,2,1
867,1602,868,2,1
867,1643,868,2,1
867,1674,868,2,1
868,1606,869,2,1
868,1650,869,2,1
868,1656,869,2,1
868,1682,869,2,1
869,1600,891,3,0
869,1616,891,3,0
869,1655,891,3,0
869,1659,891,3,0
869,1681,891,3,0
870,1592,892,3,0
870,1641,892,3,0
871,1593,893,3,0
871,1621,893,3,0
871,1638,893,3,0
871,1644,893,3,0
871,1648,893,3,0
871,1653,893,3,0
871,1654,893,3,0
871,1658,893,3,0
871,1672,893,3,0
878,1625,856,0,3
881,1625,859,0,3
884,1629,883,1,2
892,1629,893,2,1
900,1625,878,0,3
902,1647,880,0,2
903,1625,881,0,3
903,1626,881,0,3
903,1647,881,0,3
904,1626,882,0,3
904,1647,882,0,3
905,1626,883,0,3
905,1647,883,0,3
906,1626,884,0,3
906,1647,884,0,3
907,1626,885,0,3
907,1647,885,0,3
910,1634,911,2,1
911,1587,912,2,1
911,1602,912,2,1
911,1643,912,2,1
911,1674,912,2,1
912,1606,913,2,1
912,1613,913,2,1
912,1650,913,2,1
912,1656,913,2,1
912,1682,913,2,1
913,1600,935,3,0
913,1655,935,3,0
913,1659,935,3,0
914,1592,936,3,0
914,1626,913,1,2
914,1636,936,3,0
914,1675,936,3,0
915,1593,937,3,0
915,1598,937,3,0
915,1621,937,3,0
915,1638,937,3,0
915,1648,937,3,0
915,1653,937,3,0
915,1654,937,3,0
915,1658,937,3,0
915,1662,937,3,0
915,1663,937,3,0
915,1672,937,3,0
918,1626,896,0,3
919,1626,897,0,3
920,1626,898,0,3
921,1626,899,0,3
922,1625,900,0,3
922,1626,900,0,3
924,1647,902,0,2
925,1625,903,0,3
925,1647,903,0,3
926,1647,904,0,3
927,1591,926,1,2
927,1647,905,0,3
928,1647,906,0,3
929,1647,907,0,3
936,1626,935,1,2
944,1625,922,0,3
947,1625,925,0,3
954,1596,955,2,1
954,1634,955,2,1
955,1618,956,2,1
956,1606,957,2,1
956,1613,957,2,1
956,1650,957,2,1
956,1656,957,2,1
956,1682,957,2,1
957,1600,979,3,0
957,1655,979,3,0
957,1659,979,3,0
958,1589,936,0,3
958,1592,980,3,0
958,1618,980,3,0
958,1626,957,1,2
958,1636,980,3,0
958,1660,936,0,3
958,1667,936,0,3
958,1675,980,3,0
959,1593,981,3,0
959,1598,981,3,0
959,1604,937,0,3
959,1633,981,3,0
959,1638,981,3,0
959,1648,981,3,0
959,1653,981,3,0
959,1658,981,3,0
959,1662,981,3,0
959,1663,981,3,0
959,1672,981,3,0
959,1676,937,0,3
966,1625,944,0,3
969,1625,947,0,3
973,1584,972,1,2
980,1626,979,1,2
988,1625,966,0,3
991,1625,969,0,3
998,1596,999,2,1
998,1634,999,2,1
999,1618,1000,2,1
1000,1606,1001,2,1
1000,1613,1001,2,1
1000,1650,1001,2,1
1000,1656,1001,2,1
1000,1682,1001,2,1
1001,1600,1023,3,0
1001,1655,1023,3,0
1001,1659,1023,3,0
1001,1681,979,0,3
1002,1589,980,0,3
1002,1592,1024,3,0
1002,1626,1001,1,2
1002,1636,1024,3,0
1002,1660,980,0,3
1002,1667,980,0,3
1002,1675,1024,3,0
1003,1593,1025,3,0
1003,1598,1025,3,0
1003,1604,981,0,3
1003,1623,1025,3,0
1003,1633,1025,3,0
1003,1638,1025,3,0
1003,1653,1025,3,0
1003,1662,1025,3,0
1003,1663,1025,3,0
1003,1672,1025,3,0
1003,1676,981,0,3
1010,1625,988,0,3
1013,1625,991,0,3
1024,1626,1023,1,2
1032,1625,1010,0,3
1035,1625,1013,0,3
1042,1596,1043,2,1
1042,1634,1043,2,1
1043,1587,1044,2,1
1043,1602,1044,2,1
1043,1618,1044,2,1
1044,1606,1045,2,1
1044,1613,1045,2,1
1044,1650,1045,2,1
1044,1656,1045,2,1
1044,1674,1045,2,1
1045,1600,1067,3,0
1045,1612,1067,3,0
1045,1614,1067,3,0
1045,1616,1023,0,3
1045,1620,1067,3,0
1045,1655,1067,3,0
1045,1659,1067,3,0
1045,1681,1023,0,3
1046,1588,1068,3,0
1046,1589,1024,0,3
1046,1592,1068,3,0
1046,1595,1068,3,0
1046,1626,1045,1,2
1046,1628,1068,3,0
1046,1636,1068,3,0
1046,1641,1024,0,3
1046,1642,1068,3,0
1046,1645,1068,3,0
1046,1660,1024,0,3
1046,1667,1024,0,3
1046,1675,1068,3,0
1047,1598,1069,3,0
1047,1604,1025,0,3
1047,1623,1069,3,0
1047,1633,1069,3,0
1047,1638,1069,3,0
1047,1644,1025,0,3
1047,1646,1025,0,3
1047,1653,1069,3,0
1047,1662,1069,3,0
1047,1663,1069,3,0
1047,1676,1025,0,3
1054,1625,1032,0,3
1057,1625,1035,0,3
1064,1642,1086,3,0
1068,1626,1067,1,2
1069,1642,1091,3,0
1076,1625,1054,0,3
1079,1625,1057,0,3
1085,1642,1107,3,0
1086,1596,1087,2,1
1086,1634,1087,2,1
1087,1587,1088,2,1
1087,1602,1088,2,1
1087,1618,1088,2,1
1087,1643,1088,2,1
1088,1606,1089,2,1
1088,1613,1089,2,1
1088,1650,1089,2,1
1088,1656,1089,2,1
1088,1674,1089,2,1
1089,1600,1111,3,0
1089,1612,1111,3,0
1089,1614,1111,3,0
1089,1616,1067,0,3
1089,1620,1111,3,0
1089,1655,1111,3,0
1089,1659,1111,3,0
1089,1681,1067,0,3
1090,1585,1112,3,0
1090,1588,1112,3,0
1090,1589,1068,0,3
1090,1592,1112,3,0
1090,1595,1112,3,0
1090,1626,1089,1,2
1090,1628,1112,3,0
1090,1636,1112,3,0
1090,1641,1068,0,3
1090,1642,1112,3,0
1090,1645,1112,3,0
1090,1660,1068,0,3
1090,1667,1068,0,3
1090,1675,1112,3,0
1091,1598,1113,3,0
1091,1604,1069,0,3
1091,1622,1113,3,0
1091,1623,1113,3,0
1091,1633,1113,3,0
1091,1638,1113,3,0
1091,1644,1069,0,3
1091,1646,1069,0,3
1091,1653,1113,3,0
1091,1654,1069,0,3
1091,1662,1113,3,0
1091,1663,1113,3,0
1091,1664,1113,3,0
1091,1676,1069,0,3
1092,1642,1114,3,0
1098,1625,1076,0,3
1101,1625,1079,0,3
1112,1626,1111,1,2
1120,1625,1098,0,3
1123,1625,1101,0,3
1128,1642,1150,3,0
1130,1596,1131,2,1
1130,1634,1131,2,1
1131,1587,1132,2,1
1131,1602,1132,2,1
1131,1618,1132,2,1
1131,1643,1132,2,1
1132,1606,1133,2,1
1132,1610,1133,2,1
1132,1613,1133,2,1
1132,1650,1133,2,1
1132,1656,1133,2,1
1132,1674,1133,2,1
1133,1600,1155,3,0
1133,1612,1155,3,0
1133,1614,1155,3,0
1133,1616,1111,0,3
1133,1619,1155,3,0
1133,1620,1155,3,0
1133,1655,1155,3,0
1133,1659,1155,3,0
1133,1661,1155,3,0
1133,1681,1111,0,3
1134,1585,1156,3,0
1134,1588,1156,3,0
1134,1589,1112,0,3
1134,1592,1156,3,0
1134,1594,1156,3,0
1134,1595,1156,3,0
1134,1597,1156,3,0
1134,1626,1133,1,2
1134,1628,1156,3,0
1134,1636,1156,3,0
1134,1641,1112,0,3
1134,1642,1156,3,0
1134,1645,1156,3,0
1134,1660,1112,0,3
1134,1666,1156,3,0
1134,1667,1112,0,3
1134,1675,1156,3,0
1135,1598,1157,3,0
1135,1604,1113,0,3
1135,1622,1157,3,0
1135,1623,1157,3,0
1135,1633,1157,3,0
1135,1638,1157,3,0
1135,1644,1113,0,3
1135,1646,1113,0,3
1135,1653,1157,3,0
1135,1654,1113,0,3
1135,1662,1157,3,0
1135,1663,1157,3,0
1135,1664,1157,3,0
1135,1676,1113,0,3
1137,1642,1159,3,0
1142,1625,1120,0,3
1145,1625,1123,0,3
1153,1647,1175,3,0
1156,1626,1155,1,2
1164,1625,1142,0,3
1167,1625,1145,0,3
1171,1642,1193,3,0
1174,1596,1175,2,1
1174,1634,1175,2,1
1175,1587,1176,2,1
1175,1602,1176,2,1
1175,1618,1176,2,1
1175,1643,1176,2,1
1176,1606,1177,2,1
1176,1610,1177,2,1
1176,1613,1177,2,1
1176,1650,1177,2,1
1176,1656,1177,2,1
1176,1674,1177,2,1
1177,1600,1199,3,0
1177,1612,1199,3,0
1177,1614,1199,3,0
1177,1616,1155,0,3
1177,1619,1199,3,0
1177,1620,1199,3,0
1177,1630,1199,3,0
1177,1655,1199,3,0
1177,1659,1199,3,0
1177,1661,1199,3,0
1177,1681,1155,0,3
1178,1585,1200,3,0
1178,1588,1200,3,0
1178,1589,1156,0,3
1178,1592,1200,3,0
1178,1594,1200,3,0
1178,1595,1200,3,0
1178,1597,1200,3,0
1178,1625,1200,3,0
1178,1626,1177,1,2
1178,1628,1200,3,0
1178,1636,1200,3,0
1178,1641,1156,0,3
1178,1642,1200,3,0
1178,1645,1200,3,0
1178,1660,1156,0,3
1178,1666,1200,3,0
1178,1667,1156,0,3
1178,1675,1200,3,0
1178,1683,1200,3,0
1179,1598,1201,3,0
1179,1604,1157,0,3
1179,1622,1201,3,0
1179,1623,1201,3,0
1179,1625,1180,2,1
1179,1633,1201,3,0
1179,1638,1201,3,0
1179,1644,1157,0,3
1179,1646,1157,0,3
1179,1653,1201,3,0
1179,1654,1157,0,3
1179,1662,1201,3,0
1179,1663,1201,3,0
1179,1664,1201,3,0
1179,1676,1157,0,3
1182,1642,1204,3,0
1186,1625,1164,0,3
1189,1625,1167,0,3
1196,1647,1218,3,0
1200,1626,1199,1,2
1202,1625,1203,2,1
1208,1625,1186,0,3
1211,1625,1189,0,3
1217,1647,1239,3,0
1218,1596,1219,2,1
1218,1634,1219,2,1
1219,1587,1220,2,1
1219,1602,1220,2,1
1219,1618,1220,2,1
1219,1643,1220,2,1
1220,1606,1221,2,1
1220,1610,1221,2,1
1220,1613,1221,2,1
1220,1650,1221,2,1
1220,1656,1221,2,1
1220,1674,1221,2,1
1221,1600,1243,3,0
1221,1601,1243,3,0
1221,1612,1243,3,0
1221,1614,1243,3,0
1221,1616,1199,0,3
1221,1619,1243,3,0
1221,1620,1243,3,0
1221,1630,1243,3,0
1221,1655,1243,3,0
1221,1661,1243,3,0
1221,1681,1199,0,3
1222,1585,1244,3,0
1222,1588,1244,3,0
1222,1589,1200,0,3
1222,1592,1244,3,0
1222,1594,1244,3,0
1222,1595,1244,3,0
1222,1597,1244,3,0
1222,1599,1244,3,0
1222,1603,1244,3,0
1222,1609,1244,3,0
1222,1624,1244,3,0
1222,1625,1244,3,0
1222,1626,1244,3,0
1222,1628,1244,3,0
1222,1629,1244,3,0
1222,1631,1244,3,0
1222,1636,1244,3,0
1222,1641,1200,0,3
1222,1642,1244,3,0
1222,1645,1244,3,0
1222,1660,1200,0,3
1222,1666,1244,3,0
1222,1667,1200,0,3
1222,1675,1244,3,0
1222,1679,1244,3,0
1222,1683,1244,3,0
1223,1598,1245,3,0
1223,1622,1245,3,0
1223,1623,1245,3,0
1223,1633,1245,3,0
1223,1638,1245,3,0
1223,1644,1201,0,3
1223,1646,1201,0,3
1223,1653,1245,3,0
1223,1654,1201,0,3
1223,1662,1245,3,0
1223,1663,1245,3,0
1223,1664,1245,3,0
1223,1676,1201,0,3
1230,1625,1208,0,3
1233,1625,1211,0,3
1233,1641,1255,3,0
1240,1626,1262,3,0
1245,1626,1267,3,0
1247,1625,1248,2,1
1252,1625,1230,0,3
1255,1625,1233,0,3
1260,1647,1282,3,0
1261,1626,1283,3,0
1262,1596,1263,2,1
1262,1634,1263,2,1
1263,1587,1264,2,1
1263,1602,1264,2,1
1263,1643,1264,2,1
1264,1610,1265,2,1
1264,1613,1265,2,1
1264,1656,1265,2,1
1264,1674,1265,2,1
1265,1601,1287,3,0
1265,1612,1287,3,0
1265,1614,1287,3,0
1265,1616,1243,0,3
1265,1619,1287,3,0
1265,1620,1287,3,0
1265,1630,1287,3,0
1265,1655,1287,3,0
1265,1661,1287,3,0
1265,1681,1243,0,3
1266,1585,1288,3,0
1266,1588,1288,3,0
1266,1589,1244,0,3
1266,1592,1288,3,0
1266,1594,1288,3,0
1266,1595,1288,3,0
1266,1597,1288,3,0
1266,1599,1288,3,0
1266,1603,1288,3,0
1266,1609,1288,3,0
1266,1624,1288,3,0
1266,1625,1288,3,0
1266,1626,1288,3,0
1266,1628,1288,3,0
1266,1629,1288,3,0
1266,1631,1288,3,0
1266,1635,1288,3,0
1266,1636,1288,3,0
1266,1641,1244,0,3
1266,1642,1288,3,0
1266,1645,1288,3,0
1266,1660,1244,0,3
1266,1666,1288,3,0
1266,1667,1244,0,3
1266,1670,1288,3,0
1266,1675,1288,3,0
1266,1679,1288,3,0
1266,1683,1288,3,0
1267,1590,1289,3,0
1267,1598,1289,3,0
1267,1607,1289,3,0
1267,1622,1289,3,0
1267,1623,1289,3,0
1267,1627,1289,3,0
1267,1633,1289,3,0
1267,1638,1289,3,0
1267,1639,1289,3,0
1267,1644,1245,0,3
1267,1646,1245,0,3
1267,1653,1289,3,0
1267,1654,1245,0,3
1267,1662,1289,3,0
1267,1663,1289,3,0
1267,1664,1289,3,0
1267,1671,1289,3,0
1267,1677,1289,3,0
1268,1626,1290,3,0
1270,1625,1248,0,3
1274,1625,1252,0,3
1277,1625,1255,0,3
1278,1642,1279,2,1
1292,1625,1270,0,3
1295,1642,1294,1,2
1296,1595,1297,2,1
1296,1625,1274,0,3
1299,1625,1277,0,3
1299,1642,1300,2,1
1303,1647,1325,3,0
1304,1626,1326,3,0
1306,1596,1307,2,1
1306,1634,1307,2,1
1307,1587,1308,2,1
1307,1602,1308,2,1
1307,1643,1308,2,1
1308,1610,1309,2,1
1308,1613,1309,2,1
1308,1656,1309,2,1
1308,1674,1309,2,1
1309,1601,1331,3,0
1309,1612,1331,3,0
1309,1614,1331,3,0
1309,1616,1287,0,3
1309,1619,1331,3,0
1309,1620,1331,3,0
1309,1630,1331,3,0
1309,1655,1331,3,0
1309,1661,1331,3,0
1309,1681,1287,0,3
1310,1585,1332,3,0
1310,1588,1332,3,0
1310,1589,1288,0,3
1310,1592,1332,3,0
1310,1594,1332,3,0
1310,1595,1332,3,0
1310,1597,1332,3,0
1310,1599,1332,3,0
1310,1603,1332,3,0
1310,1609,1332,3,0
1310,1624,1332,3,0
1310,1625,1332,3,0
1310,1626,1332,3,0
1310,1628,1332,3,0
1310,1629,1332,3,0
1310,1631,1332,3,0
1310,1635,1332,3,0
1310,1636,1332,3,0
1310,1641,1288,0,3
1310,1642,1332,3,0
1310,1645,1332,3,0
1310,1666,1332,3,0
1310,1670,1332,3,0
1310,1675,1332,3,0
1310,1679,1332,3,0
1310,1683,1332,3,0
1311,1586,1333,3,0
1311,1590,1333,3,0
1311,1598,1333,3,0
1311,1607,1333,3,0
1311,1615,1333,3,0
1311,1622,1333,3,0
1311,1623,1333,3,0
1311,1627,1333,3,0
1311,1633,1333,3,0
1311,1637,1333,3,0
1311,1638,1333,3,0
1311,1639,1333,3,0
1311,1646,1289,0,3
1311,1651,1333,3,0
1311,1653,1333,3,0
1311,1654,1289,0,3
1311,1662,1333,3,0
1311,1663,1333,3,0
1311,1664,1333,3,0
1311,1665,1333,3,0
1311,1669,1333,3,0
1311,1671,1333,3,0
1311,1677,1333,3,0
1313,1626,1335,3,0
1315,1625,1293,0,3
1318,1625,1296,0,3
1318,1642,1317,1,2
1321,1625,1299,0,3
1321,1642,1322,2,1
1337,1625,1315,0,3
1340,1625,1318,0,3
1340,1642,1339,1,2
1343,1625,1321,0,3
1350,1596,1351,2,1
1350,1634,1351,2,1
1351,1587,1352,2,1
1351,1602,1352,2,1
1351,1618,1352,2,1
1351,1643,1352,2,1
1352,1610,1353,2,1
1352,1613,1353,2,1
1352,1650,1353,2,1
1352,1674,1353,2,1
1353,1600,1331,0,3
1353,1601,1375,3,0
1353,1612,1375,3,0
1353,1614,1375,3,0
1353,1616,1331,0,3
1353,1619,1375,3,0
1353,1620,1375,3,0
1353,1630,1375,3,0
1353,1655,1375,3,0
1353,1659,1331,0,3
1353,1661,1375,3,0
1353,1681,1331,0,3
1354,1585,1376,3,0
1354,1588,1376,3,0
1354,1592,1376,3,0
1354,1594,1376,3,0
1354,1595,1376,3,0
1354,1597,1376,3,0
1354,1599,1376,3,0
1354,1603,1376,3,0
1354,1609,1376,3,0
1354,1624,1376,3,0
1354,1625,1376,3,0
1354,1626,1376,3,0
1354,1628,1376,3,0
1354,1629,1376,3,0
1354,1631,1376,3,0
1354,1635,1376,3,0
1354,1636,1376,3,0
1354,1641,1332,0,3
1354,1642,1376,3,0
1354,1645,1376,3,0
1354,1666,1376,3,0
1354,1670,1376,3,0
1354,1675,1376,3,0
1354,1679,1376,3,0
1354,1683,1376,3,0
1355,1586,1377,3,0
1355,1590,1377,3,0
1355,1591,1377,3,0
1355,1598,1377,3,0
1355,1607,1377,3,0
1355,1615,1377,3,0
1355,1617,1377,3,0
1355,1622,1377,3,0
1355,1623,1377,3,0
1355,1627,1377,3,0
1355,1633,1377,3,0
1355,1637,1377,3,0
1355,1639,1377,3,0
1355,1649,1377,3,0
1355,1651,1377,3,0
1355,1654,1333,0,3
1355,1662,1377,3,0
1355,1663,1377,3,0
1355,1664,1377,3,0
1355,1665,1377,3,0
1355,1669,1377,3,0
1355,1671,1377,3,0
1355,1677,1377,3,0
1360,1625,1338,0,3
1362,1625,1340,0,3
1362,1628,1363,2,1
1365,1625,1343,0,3
1382,1625,1360,0,3
1384,1625,1362,0,3
1384,1628,1385,2,1
1387,1625,1365,0,3
1394,1596,1395,2,1
1394,1634,1395,2,1
1395,1587,1396,2,1
1395,1602,1396,2,1
1395,1618,1396,2,1
1395,1643,1396,2,1
1396,1610,1397,2,1
1396,1613,1397,2,1
1396,1650,1397,2,1
1396,1674,1397,2,1
1397,1600,1375,0,3
1397,1601,1419,3,0
1397,1612,1419,3,0
1397,1614,1419,3,0
1397,1616,1375,0,3
1397,1619,1419,3,0
1397,1620,1419,3,0
1397,1630,1419,3,0
1397,1659,1375,0,3
1397,1661,1419,3,0
1397,1681,1375,0,3
1398,1585,1420,3,0
1398,1588,1420,3,0
1398,1592,1420,3,0
1398,1594,1420,3,0
1398,1595,1420,3,0
1398,1597,1420,3,0
1398,1599,1420,3,0
1398,1603,1420,3,0
1398,1609,1420,3,0
1398,1624,1420,3,0
1398,1625,1420,3,0
1398,1626,1420,3,0
1398,1628,1420,3,0
1398,1629,1420,3,0
1398,1631,1420,3,0
1398,1635,1420,3,0
1398,1636,1420,3,0
1398,1642,1420,3,0
1398,1645,1420,3,0
1398,1666,1420,3,0
1398,1670,1420,3,0
1398,1675,1420,3,0
1398,1679,1420,3,0
1398,1683,1420,3,0
1399,1584,1421,3,0
1399,1586,1421,3,0
1399,1590,1421,3,0
1399,1591,1421,3,0
1399,1598,1421,3,0
1399,1607,1421,3,0
1399,1615,1421,3,0
1399,1617,1421,3,0
1399,1622,1421,3,0
1399,1623,1421,3,0
1399,1627,1421,3,0
1399,1633,1421,3,0
1399,1637,1421,3,0
1399,1639,1421,3,0
1399,1649,1421,3,0
1399,1651,1421,3,0
1399,1662,1421,3,0
1399,1663,1421,3,0
1399,1664,1421,3,0
1399,1665,1421,3,0
1399,1669,1421,3,0
1399,1671,1421,3,0
1399,1677,1421,3,0
1400,1648,1378,0,3
1405,1625,1383,0,3
1406,1625,1384,0,3
1406,1628,1407,2,1
1409,1625,1387,0,3
1410,1647,1411,2,1
1413,1653,1414,2,1
1414,1653,1415,2,1
1415,1653,1653,4,0
1416,1653,1415,1,2
1421,1653,1420,1,2
1428,1625,1406,0,3
1428,1628,1429,2,1
1431,1632,1409,0,3
1433,1644,1411,0,3
1434,1644,1412,0,3
1435,1644,1413,0,3
1438,1596,1439,2,1
1438,1634,1439,2,1
1438,1668,1439,2,1
1439,1587,1440,2,1
1439,1602,1440,2,1
1439,1618,1440,2,1
1439,1643,1440,2,1
1440,1610,1441,2,1
1440,1613,1441,2,1
1440,1650,1441,2,1
1440,1674,1441,2,1
1441,1600,1419,0,3
1441,1601,1463,3,0
1441,1612,1463,3,0
1441,1614,1463,3,0
1441,1616,1419,0,3
1441,1619,1463,3,0
1441,1620,1463,3,0
1441,1630,1463,3,0
1441,1659,1419,0,3
1441,1661,1463,3,0
1441,1681,1419,0,3
1442,1585,1464,3,0
1442,1588,1464,3,0
1442,1594,1464,3,0
1442,1595,1464,3,0
1442,1597,1464,3,0
1442,1599,1464,3,0
1442,1603,1464,3,0
1442,1609,1464,3,0
1442,1624,1464,3,0
1442,1625,1464,3,0
1442,1626,1464,3,0
1442,1628,1464,3,0
1442,1629,1464,3,0
1442,1631,1464,3,0
1442,1635,1464,3,0
1442,1636,1464,3,0
1442,1642,1464,3,0
1442,1645,1464,3,0
1442,1666,1464,3,0
1442,1670,1464,3,0
1442,1679,1464,3,0
1442,1683,1464,3,0
1443,1584,1465,3,0
1443,1586,1465,3,0
1443,1590,1465,3,0
1443,1591,1465,3,0
1443,1598,1465,3,0
1443,1607,1465,3,0
1443,1615,1465,3,0
1443,1617,1465,3,0
1443,1622,1465,3,0
1443,1623,1465,3,0
1443,1627,1465,3,0
1443,1633,1465,3,0
1443,1637,1465,3,0
1443,1639,1465,3,0
1443,1649,1465,3,0
1443,1651,1465,3,0
1443,1662,1465,3,0
1443,1663,1465,3,0
1443,1664,1465,3,0
1443,1665,1465,3,0
1443,1669,1465,3,0
1443,1671,1465,3,0
1443,1677,1465,3,0
1450,1628,1451,2,1
1453,1647,1454,2,1
1454,1626,1455,2,1
1455,1644,1433,0,3
1456,1644,1434,0,3
1457,1644,1435,0,3
1471,1626,1470,1,2
1472,1628,1473,2,1
1474,1647,1475,1,1
1475,1626,1476,2,1
1477,1644,1476,1,2
1478,1644,1477,1,2
1479,1644,1478,1,2
1482,1596,1483,2,1
1482,1668,1483,2,1
1483,1587,1484,2,1
1483,1602,1484,2,1
1483,1618,1484,2,1
1483,1643,1484,2,1
1484,1610,1485,2,1
1484,1650,1485,2,1
1484,1656,1485,2,1
1484,1674,1485,2,1
1485,1600,1463,0,3
1485,1601,1507,3,0
1485,1612,1507,3,0
1485,1614,1507,3,0
1485,1616,1463,0,3
1485,1619,1507,3,0
1485,1620,1507,3,0
1485,1630,1507,3,0
1485,1659,1463,0,3
1485,1661,1507,3,0
1485,1681,1463,0,3
1486,1585,1508,3,0
1486,1588,1508,3,0
1486,1594,1508,3,0
1486,1595,1508,3,0
1486,1597,1508,3,0
1486,1599,1508,3,0
1486,1603,1508,3,0
1486,1609,1508,3,0
1486,1624,1508,3,0
1486,1625,1508,3,0
1486,1626,1508,3,0
1486,1628,1508,3,0
1486,1629,1508,3,0
1486,1631,1508,3,0
1486,1635,1508,3,0
1486,1642,1508,3,0
1486,1645,1508,3,0
1486,1666,1508,3,0
1486,1670,1508,3,0
1486,1679,1508,3,0
1486,1683,1508,3,0
1487,1584,1509,3,0
1487,1586,1509,3,0
1487,1590,1509,3,0
1487,1591,1509,3,0
1487,1607,1509,3,0
1487,1615,1509,3,0
1487,1617,1509,3,0
1487,1622,1509,3,0
1487,1623,1509,3,0
1487,1627,1509,3,0
1487,1633,1509,3,0
1487,1637,1509,3,0
1487,1639,1509,3,0
1487,1644,1488,2,1
1487,1649,1509,3,0
1487,1651,1509,3,0
1487,1664,1509,3,0
1487,1665,1509,3,0
1487,1669,1509,3,0
1487,1671,1509,3,0
1487,1677,1509,3,0
1494,1603,1495,2,1
1494,1626,1493,1,2
1499,1678,1678,4,0
1512,1678,1513,2,1
1513,1678,1514,2,1
1514,1678,1515,2,1
1516,1603,1517,2,1
1526,1668,1527,2,1
1527,1587,1528,2,1
1527,1602,1528,2,1
1527,1618,1528,2,1
1527,1643,1528,2,1
1528,1610,1529,2,1
1528,1650,1529,2,1
1528,1656,1529,2,1
1528,1674,1529,2,1
1529,1600,1507,0,3
1529,1601,1551,3,0
1529,1612,1551,3,0
1529,1614,1551,3,0
1529,1619,1551,3,0
1529,1620,1551,3,0
1529,1630,1551,3,0
1529,1659,1507,0,3
1529,1661,1551,3,0
1530,1585,1552,3,0
1530,1588,1552,3,0
1530,1594,1552,3,0
1530,1595,1552,3,0
1530,1597,1552,3,0
1530,1599,1552,3,0
1530,1603,1552,3,0
1530,1609,1552,3,0
1530,1624,1552,3,0
1530,1625,1552,3,0
1530,1626,1552,3,0
1530,1628,1552,3,0
1530,1629,1552,3,0
1530,1631,1552,3,0
1530,1635,1552,3,0
1530,1642,1552,3,0
1530,1645,1552,3,0
1530,1655,1508,0,3
1530,1666,1552,3,0
1530,1670,1552,3,0
1530,1679,1552,3,0
1530,1683,1552,3,0
1531,1584,1553,3,0
1531,1586,1553,3,0
1531,1590,1553,3,0
1531,1591,1553,3,0
1531,1607,1553,3,0
1531,1615,1553,3,0
1531,1617,1553,3,0
1531,1622,1553,3,0
1531,1623,1553,3,0
1531,1627,1553,3,0
1531,1637,1553,3,0
1531,1639,1553,3,0
1531,1649,1553,3,0
1531,1651,1553,3,0
1531,1664,1553,3,0
1531,1665,1553,3,0
1531,1669,1553,3,0
1531,1671,1553,3,0
1531,1677,1553,3,0
1538,1603,1539,2,1
1560,1603,1561,2,1
1567,1633,5,3,3
1570,1668,1571,2,1
1571,1602,1572,2,1
1571,1618,1572,2,1
1571,1643,1572,2,1
1572,1610,1573,2,1
1572,1650,1573,2,1
1572,1656,1573,2,1
1572,1674,1573,2,1
1573,1600,1551,0,3
1573,1601,11,3,3
1573,1614,11,3,3
1573,1619,11,3,3
1573,1620,11,3,3
1573,1630,11,3,3
1573,1659,1551,0,3
1573,1661,11,3,3
1574,1585,12,3,3
1574,1588,12,3,3
1574,1594,12,3,3
1574,1597,12,3,3
1574,1599,12,3,3
1574,1603,12,3,3
1574,1609,12,3,3
1574,1624,12,3,3
1574,1625,12,3,3
1574,1626,12,3,3
1574,1628,12,3,3
1574,1629,12,3,3
1574,1631,12,3,3
1574,1635,12,3,3
1574,1642,12,3,3
1574,1645,12,3,3
1574,1655,1552,0,3
1574,1666,12,3,3
1574,1670,12,3,3
1574,1675,1552,0,3
1574,1679,12,3,3
1574,1683,12,3,3
1575,1584,13,3,3
1575,1586,13,3,3
1575,1590,13,3,3
1575,1591,13,3,3
1575,1607,13,3,3
1575,1615,13,3,3
1575,1617,13,3,3
1575,1622,13,3,3
1575,1627,13,3,3
1575,1637,13,3,3
1575,1639,13,3,3
1575,1649,13,3,3
1575,1651,13,3,3
1575,1664,13,3,3
1575,1665,13,3,3
1575,1669,13,3,3
1575,1671,13,3,3
1575,1677,13,3,3
1582,1603,1583,2,1
1584,1593,970,0,4
1584,1621,970,0,4
1584,1640,970,0,4
1584,1648,970,0,4
1584,1658,970,0,4
1584,1672,970,0,4
1584,1674,970,0,4
1584,1678,970,0,4
1587,1627,372,0,4
1590,1602,359,0,4
1590,1642,729,0,4
1590,1677,337,0,4
1591,1647,860,0,4
1592,1627,420,0,4
1593,1647,1543,0,4
1594,1595,727,0,4
1594,1636,97,0,4
1595,1594,683,0,4
1595,1597,683,0,4
1596,1625,850,0,4
1596,1676,893,0,4
1597,1595,727,0,4
1599,1642,185,0,4
1599,1670,250,0,4
1602,1590,372,0,4
1602,1627,350,0,4
1603,1642,207,0,4
1605,1627,334,0,4
1607,1642,729,0,4
1609,1642,207,0,4
1610,1642,99,0,4
1611,1621,1502,0,4
1617,1626,839,0,4
1617,1647,904,0,4
1618,1681,1266,0,4
1619,1625,837,0,4
1621,1611,1499,0,4
1621,1644,997,0,4
1624,1643,316,0,4
1625,1596,815,0,4
1625,1619,815,0,4
1625,1630,815,0,4
1625,1632,815,0,4
1625,1634,815,0,4
1626,1584,838,0,4
1626,1587,881,0,4
1626,1593,838,0,4
1626,1602,881,0,4
1626,1610,881,0,4
1626,1616,838,0,4
1626,1617,838,0,4
1626,1621,838,0,4
1626,1640,838,0,4
1626,1641,838,0,4
1626,1642,207,0,4
1626,1644,838,0,4
1626,1646,838,0,4
1626,1648,838,0,4
1626,1654,838,0,4
1626,1658,838,0,4
1626,1667,838,0,4
1626,1672,838,0,4
1626,1678,838,0,4
1626,1681,838,0,4
1627,1587,337,0,4
1627,1592,337,0,4
1627,1598,337,0,4
1627,1600,337,0,4
1627,1602,337,0,4
1627,1605,337,0,4
1627,1643,337,0,4
1627,1653,337,0,4
1627,1659,337,0,4
1627,1662,337,0,4
1627,1663,337,0,4
1629,1642,207,0,4
1630,1625,837,0,4
1631,1642,207,0,4
1632,1625,858,0,4
1633,1675,1526,0,4
1634,1625,827,0,4
1634,1660,849,0,4
1636,1594,1549,0,4
1637,1642,708,0,4
1640,1644,1477,0,4
1642,1584,705,0,4
1642,1586,705,0,4
1642,1590,705,0,4
1642,1591,705,0,4
1642,1596,705,0,4
1642,1599,97,0,4
1642,1603,97,0,4
1642,1604,705,0,4
1642,1607,705,0,4
1642,1609,97,0,4
1642,1610,97,0,4
1642,1615,705,0,4
1642,1617,705,0,4
1642,1624,705,0,4
1642,1625,705,0,4
1642,1626,97,0,4
1642,1627,705,0,4
1642,1629,97,0,4
1642,1631,97,0,4
1642,1634,705,0,4
1642,1635,705,0,4
1642,1637,705,0,4
1642,1639,705,0,4
1642,1649,705,0,4
1642,1651,705,0,4
1642,1652,683,0,4
1642,1665,705,0,4
1642,1666,97,0,4
1642,1669,705,0,4
1642,1670,97,0,4
1642,1671,705,0,4
1642,1676,705,0,4
1642,1677,705,0,4
1642,1679,97,0,4
1642,1683,97,0,4
1643,1624,328,0,4
1643,1627,350,0,4
1644,1592,1476,0,4
1644,1593,1476,0,4
1644,1608,1476,0,4
1644,1611,1476,0,4
1644,1621,997,0,4
1644,1638,1476,0,4
1644,1640,1476,0,4
1644,1647,910,0,4
1644,1648,1476,0,4
1644,1653,1411,0,4
1644,1655,1411,0,4
1644,1662,1476,0,4
1644,1672,1476,0,4
1644,1675,1498,0,4
1644,1678,1476,0,4
1646,1647,910,0,4
1647,1584,880,0,4
1647,1591,880,0,4
1647,1593,120,0,4
1647,1601,880,0,4
1647,1617,880,0,4
1647,1621,880,0,4
1647,1635,880,0,4
1647,1640,880,0,4
1647,1641,880,0,4
1647,1644,880,0,4
1647,1646,880,0,4
1647,1648,120,0,4
1647,1654,880,0,4
1647,1658,120,0,4
1647,1667,880,0,4
1647,1676,880,0,4
1648,1647,1543,0,4
1652,1642,686,0,4
1653,1621,1415,0,4
1653,1644,1415,0,4
1655,1644,1439,0,4
1658,1647,1543,0,4
1660,1634,845,0,4
1662,1627,420,0,4
1663,1584,443,0,4
1663,1591,443,0,4
1663,1617,443,0,4
1663,1627,377,0,4
1663,1652,443,0,4
1666,1642,119,0,4
1667,1626,845,0,4
1670,1599,250,0,4
1670,1642,229,0,4
1671,1589,838,0,4
1671,1593,838,0,4
1671,1613,838,0,4
1671,1616,838,0,4
1671,1621,838,0,4
1671,1640,838,0,4
1671,1641,838,0,4
1671,1644,838,0,4
1671,1646,838,0,4
1671,1648,838,0,4
1671,1654,838,0,4
1671,1658,838,0,4
1671,1667,838,0,4
1671,1672,838,0,4
1671,1678,838,0,4
1671,1681,838,0,4
1675,1633,1526,0,4
1675,1644,1526,0,4
1676,1596,888,0,4
1677,1590,337,0,4
1678,1654,1499,0,4
1678,1667,1499,0,4
1679,1642,207,0,4
1683,1642,185,0,4
