3,1673,4,1,0
25,1673,26,2,1
40,1640,41,2,1
40,1678,41,2,1
47,1673,48,2,1
69,1673,70,2,1
84,1640,85,2,1
84,1678,85,2,1
86,1655,108,3,0
108,1655,130,3,0
128,1640,129,2,1
128,1678,129,2,1
130,1655,152,3,0
172,1640,173,2,1
172,1678,173,2,1
216,1640,217,2,1
216,1678,217,2,1
251,1603,229,0,3
254,1603,232,0,3
255,1603,233,0,3
256,1603,234,0,3
257,1603,235,0,3
258,1603,236,0,3
260,1640,261,2,1
260,1678,261,2,1
273,1603,251,0,3
276,1603,254,0,3
277,1601,276,1,2
277,1603,255,0,3
278,1603,256,0,3
279,1603,257,0,3
280,1603,258,0,3
303,1596,325,3,0
304,1602,326,3,0
304,1608,305,2,1
304,1611,305,2,1
304,1640,305,2,1
304,1678,305,2,1
330,1619,352,2,0
348,1608,349,2,1
348,1611,349,2,1
348,1640,349,2,1
348,1678,349,2,1
350,1619,372,3,0
352,1619,374,2,0
357,1669,358,2,1
358,1669,359,2,1
359,1669,1669,4,0
372,1619,394,3,0
374,1619,396,2,0
392,1608,393,2,1
392,1611,393,2,1
392,1640,393,2,1
392,1678,393,2,1
394,1619,416,3,0
396,1619,418,2,0
416,1619,438,3,0
418,1619,440,2,0
418,1659,440,2,0
419,1659,441,3,0
420,1659,442,3,0
421,1659,443,3,0
422,1659,444,3,0
423,1659,445,3,0
434,1659,456,3,0
435,1659,457,3,0
436,1608,437,2,1
436,1611,437,2,1
436,1640,437,2,1
436,1659,458,3,0
436,1678,437,2,1
437,1659,459,3,0
438,1619,460,3,0
438,1659,460,3,0
440,1619,462,2,0
457,1619,479,3,0
459,1603,481,3,0
460,1619,482,3,0
462,1619,484,2,0
480,1603,502,3,0
480,1608,481,2,1
480,1611,481,2,1
480,1640,481,2,1
480,1678,481,2,1
482,1619,504,3,0
484,1619,506,2,0
492,1628,470,0,3
492,1645,470,0,3
500,1619,522,3,0
504,1619,526,3,0
506,1619,528,2,0
506,1655,528,2,0
523,1603,545,3,0
524,1608,525,2,1
524,1611,525,2,1
524,1640,525,2,1
524,1678,525,2,1
526,1619,548,3,0
528,1619,550,2,0
543,1619,544,2,1
548,1619,570,3,0
550,1619,572,2,0
566,1603,588,3,0
568,1608,569,2,1
568,1611,569,2,1
568,1640,569,2,1
568,1678,569,2,1
570,1619,592,3,0
572,1619,594,2,0
592,1619,614,3,0
594,1619,616,2,0
607,1619,608,2,1
612,1608,613,2,1
612,1611,613,2,1
612,1673,634,3,0
614,1619,636,3,0
616,1619,638,2,0
636,1619,658,3,0
638,1619,660,2,0
656,1608,657,2,1
656,1611,657,2,1
658,1619,680,3,0
660,1619,682,2,0
661,1622,683,3,0
673,1603,674,2,1
676,1622,698,3,0
677,1622,699,3,0
678,1622,700,3,0
679,1622,701,3,0
680,1619,702,3,0
682,1619,704,2,0
683,1622,1622,4,0
698,1622,699,2,1
699,1622,700,2,1
700,1608,701,2,1
700,1611,701,2,1
700,1622,701,2,1
702,1619,724,3,0
704,1619,726,2,0
705,1622,683,0,3
723,1622,701,0,3
724,1619,746,3,0
726,1619,748,2,0
727,1622,705,0,3
744,1608,745,2,1
744,1611,745,2,1
745,1622,723,0,3
746,1619,768,3,0
748,1619,770,2,0
749,1622,727,0,3
750,1625,1625,4,0
751,1625,750,1,2
752,1625,751,1,2
753,1597,752,1,2
753,1625,752,1,2
764,1625,765,2,1
765,1625,766,2,1
766,1625,767,2,1
767,1622,745,0,3
768,1619,790,3,0
770,1619,792,2,0
771,1622,749,0,3
779,1674,801,3,0
788,1608,789,2,1
788,1611,789,2,1
789,1622,767,0,3
790,1619,812,3,0
792,1619,814,2,0
793,1622,771,0,3
797,1639,796,1,2
801,1674,823,3,0
808,1619,830,3,0
809,1619,831,3,0
810,1619,832,3,0
811,1619,833,3,0
811,1622,789,0,3
812,1619,834,3,0
814,1619,1619,4,0
815,1622,793,0,3
823,1674,845,3,0
830,1619,831,2,1
831,1619,832,2,1
832,1608,833,2,1
832,1611,833,2,1
832,1619,833,2,1
833,1619,834,2,1
833,1622,811,0,3
834,1619,835,2,1
836,1619,814,0,2
837,1622,815,0,3
838,1665,1665,4,0
852,1619,830,0,3
852,1665,853,2,1
853,1619,831,0,3
853,1665,854,2,1
854,1619,832,0,3
854,1665,855,2,1
855,1619,833,0,3
855,1622,833,0,3
856,1619,834,0,3
859,1622,837,0,3
876,1608,877,2,1
876,1611,877,2,1
876,1652,877,2,1
877,1622,855,0,3
881,1622,859,0,3
883,1630,882,1,2
892,1618,914,3,0
899,1622,877,0,3
903,1622,881,0,3
920,1611,921,2,1
920,1652,921,2,1
921,1622,899,0,3
925,1622,903,0,3
931,1680,953,3,0
936,1594,937,2,1
943,1622,921,0,3
947,1622,925,0,3
958,1594,959,2,1
964,1652,965,2,1
965,1622,943,0,3
969,1622,947,0,3
980,1594,981,2,1
984,1602,983,1,2
987,1622,965,0,3
991,1622,969,0,3
1002,1594,1003,2,1
1008,1652,1009,2,1
1009,1622,987,0,3
1013,1622,991,0,3
1024,1594,1025,2,1
1031,1622,1009,0,3
1035,1622,1013,0,3
1043,1667,1042,1,2
1046,1594,1047,2,1
1052,1652,1053,2,1
1053,1622,1031,0,3
1057,1622,1035,0,3
1069,1622,1070,2,1
1075,1622,1053,0,3
1079,1622,1057,0,3
1092,1622,1093,2,1
1096,1652,1097,2,1
1097,1622,1075,0,3
1101,1622,1079,0,3
1114,1622,1115,2,1
1119,1622,1097,0,3
1123,1622,1101,0,3
1137,1622,1138,2,1
1140,1652,1141,2,1
1141,1622,1119,0,3
1145,1622,1123,0,3
1159,1622,1160,2,1
1163,1622,1141,0,3
1167,1622,1145,0,3
1182,1622,1160,0,3
1184,1652,1185,2,1
1185,1622,1163,0,3
1189,1622,1167,0,3
1204,1622,1182,0,3
1207,1622,1185,0,3
1211,1622,1189,0,3
1227,1622,1205,0,3
1228,1652,1229,2,1
1229,1622,1207,0,3
1233,1622,1211,0,3
1249,1622,1227,0,3
1249,1642,1227,0,3
1251,1622,1229,0,3
1255,1622,1233,0,3
1272,1622,1250,0,3
1272,1652,1273,2,1
1273,1622,1251,0,3
1277,1622,1255,0,3
1295,1622,1273,0,3
1316,1652,1317,2,1
1360,1652,1361,2,1
1404,1652,1405,2,1
1448,1652,1449,2,1
1479,1675,1501,3,0
1494,1629,1495,2,1
1516,1629,1517,2,1
1538,1629,1539,2,1
1565,1673,1566,2,1
1580,1640,1581,2,1
1580,1678,1581,2,1
1585,1620,683,0,4
1589,1644,1497,0,4
1594,1669,793,0,4
1596,1619,806,0,4
1603,1634,229,0,4
1610,1649,945,0,4
1612,1622,705,0,4
1614,1622,705,0,4
1618,1589,1266,0,4
1618,1660,1266,0,4
1619,1596,814,0,4
1619,1600,814,0,4
1619,1606,814,0,4
1619,1618,814,0,4
1619,1634,814,0,4
1619,1650,814,0,4
1619,1656,814,0,4
1619,1659,814,0,4
1619,1680,814,0,4
1620,1585,683,0,4
1620,1622,683,0,4
1620,1625,749,0,4
1622,1588,683,0,4
1622,1612,683,0,4
1622,1614,683,0,4
1622,1618,683,0,4
1622,1620,683,0,4
1622,1634,683,0,4
1622,1642,683,0,4
1622,1645,683,0,4
1622,1656,683,0,4
1624,1671,838,0,4
1625,1594,750,0,4
1625,1612,750,0,4
1625,1614,750,0,4
1625,1620,750,0,4
1625,1666,750,0,4
1627,1677,816,0,4
1634,1603,261,0,4
1634,1619,827,0,4
1635,1652,838,0,4
1635,1660,838,0,4
1636,1649,595,0,4
1640,1644,1433,0,4
1644,1589,1498,0,4
1644,1640,1411,0,4
1645,1622,683,0,4
1649,1610,926,0,4
1649,1636,860,0,4
1652,1635,839,0,4
1659,1584,440,0,4
1659,1591,440,0,4
1659,1598,440,0,4
1659,1617,440,0,4
1659,1637,440,0,4
1659,1652,440,0,4
1659,1663,440,0,4
1660,1635,845,0,4
1665,1599,838,0,4
1665,1603,838,0,4
1665,1609,838,0,4
1665,1619,838,0,4
1665,1626,838,0,4
1665,1629,838,0,4
1665,1630,838,0,4
1665,1631,838,0,4
1665,1661,838,0,4
1667,1682,932,0,4
1669,1587,359,0,4
1669,1594,816,0,4
1669,1602,359,0,4
1671,1624,838,0,4
1677,1627,816,0,4
