-inf,0.0
7690122.578066991,0.00045599635202918376
8053066.998770196,0.0009119927040583675
8090829.789987579,0.0013679890560875513
8309420.595897713,0.001823985408116735
8379743.412357626,0.002279981760145919
8492981.334440375,0.0027359781121751026
8511319.854484132,0.0031919744642042863
8521894.253257032,0.00364797081623347
8554590.622823473,0.004103967168262654
8680953.875097152,0.004559963520291838
8854526.036809105,0.005015959872321021
8863834.559840728,0.005471956224350205
8895140.384085312,0.005927952576379389
8919128.645991487,0.006383948928408573
8921386.87491598,0.006839945280437756
8924216.749308616,0.00729594163246694
8971222.60160394,0.007751937984496124
8988006.296008954,0.008207934336525308
9074331.432980878,0.008663930688554491
9114110.202198615,0.009119927040583675
9150903.989719449,0.009575923392612859
9227348.124281365,0.010031919744642043
9297670.940741278,0.010487916096671226
9321582.899860676,0.01094391244870041
9363549.432587793,0.011399908800729594
9419558.179812515,0.011855905152758778
9454644.119165933,0.012311901504787962
9555570.607450038,0.012767897856817145
9564406.720331836,0.013223894208846329
9626984.595456367,0.013679890560875513
9645677.94430639,0.014135886912904697
9658124.88851871,0.01459188326493388
9755908.36911581,0.015047879616963064
9760060.408190789,0.015503875968992248
9761319.195695043,0.01595987232102143
9831517.759529494,0.016415868673050615
9902310.484408516,0.0168718650250798
10023145.745714523,0.017327861377108983
10044468.413544947,0.017783857729138167
10084130.435329365,0.01823985408116735
10103869.924572952,0.018695850433196534
10109506.740826681,0.019151846785225718
10131687.085336883,0.0196078431372549
10158631.559036752,0.020063839489284085
10176246.244993929,0.02051983584131327
10201453.266712934,0.020975832193342453
10227186.485792113,0.021431828545371637
10227914.489429884,0.02188782489740082
10229481.406767078,0.022343821249430004
10318332.45784989,0.022799817601459188
10322369.417312026,0.023255813953488372
10348425.77660843,0.023711810305517556
10391824.550169304,0.02416780665754674
10398515.42896386,0.024623803009575923
10420821.693919998,0.025079799361605107
10448819.396250455,0.02553579571363429
10484722.984592227,0.025991792065663474
10489698.093072107,0.026447788417692658
10505883.456881361,0.026903784769721842
10549992.721965007,0.027359781121751026
10554421.619239,0.02781577747378021
10576425.591733865,0.028271773825809393
10582620.293936813,0.028727770177838577
10596037.90966616,0.02918376652986776
10601799.812455589,0.029639762881896944
10620604.071367266,0.030095759233926128
10647207.892734913,0.030551755585955312
10659183.677662766,0.031007751937984496
10677531.370719139,0.03146374829001368
10683380.417128438,0.03191974464204286
10690963.99683277,0.03237574099407205
10733841.993450016,0.03283173734610123
10741931.339713689,0.033287733698130414
10782666.603974408,0.0337437300501596
10802067.942616489,0.03419972640218878
10804164.809909929,0.034655722754217966
10842228.642723227,0.03511171910624715
10878097.206835004,0.03556771545827633
10880051.892432865,0.03602371181030552
10882473.567764003,0.0364797081623347
10961014.15266424,0.036935704514363885
10967972.299690073,0.03739170086639307
10975372.002186926,0.03784769721842225
11040641.739559706,0.038303693570451436
11062094.497387256,0.03875968992248062
11067074.609328564,0.0392156862745098
11078309.465009958,0.03967168262653899
11099353.606820889,0.04012767897856817
11147709.976746647,0.040583675330597355
11148490.099774292,0.04103967168262654
11149832.695257464,0.04149566803465572
11154165.275898969,0.041951664386684906
11154887.025209954,0.04240766073871409
11195200.747845365,0.04286365709074327
11196156.825933225,0.04331965344277246
11206231.712473568,0.04377564979480164
11311926.916453648,0.044231646146830825
11315925.516044836,0.04468764249886001
11322728.138811285,0.04514363885088919
11323029.1804072,0.045599635202918376
11329032.917165648,0.04605563155494756
11347346.002947146,0.046511627906976744
11375749.402608387,0.04696762425900593
11387997.876184063,0.04742362061103511
11404620.625913145,0.047879616963064295
11406061.6228044,0.04833561331509348
11414430.745952921,0.04879160966712266
11474674.923276423,0.049247606019151846
11480896.310606986,0.04970360237118103
11497188.831881821,0.050159598723210214
11507329.180375846,0.0506155950752394
11538531.59975092,0.05107159142726858
11552204.808968209,0.051527587779297765
11572598.917748624,0.05198358413132695
11584064.766565941,0.05243958048335613
11590087.266304744,0.052895576835385316
11655357.003677525,0.0533515731874145
11673189.757161936,0.053807569539443684
11681789.873446383,0.05426356589147287
11716606.459792927,0.05471956224350205
11719529.73213222,0.055175558595531235
11769517.647438616,0.05563155494756042
11772731.53749585,0.0560875512995896
11816301.262655513,0.056543547651618786
11841246.436559789,0.05699954400364797
11856888.090893868,0.057455540355677154
11859983.565697307,0.05791153670770634
11882755.569521366,0.05836753305973552
11885398.648020692,0.058823529411764705
11889466.462161632,0.05927952576379389
11943083.971778903,0.05973552211582307
11953078.385981278,0.060191518467852256
11954263.789384589,0.06064751481988144
11970126.012976617,0.061103511171910624
11984796.99579367,0.06155950752393981
11989956.815391267,0.06201550387596899
12022542.274896055,0.062471500227998175
12040448.82943653,0.06292749658002736
12306950.280250212,0.06338349293205654
12360431.44554357,0.06383948928408573
12394168.95204215,0.06429548563611491
12412898.992942644,0.0647514819881441
12491536.728385609,0.06520747834017328
12496254.158601949,0.06566347469220246
12570092.32367013,0.06611947104423165
12571504.550658176,0.06657546739626083
12654306.41687457,0.06703146374829001
12660997.295669125,0.0674874601003192
12678621.15463892,0.06794345645234838
12687445.17582227,0.06839945280437756
12747204.851297494,0.06885544915640675
12774815.61927752,0.06931144550843593
12812474.588670272,0.06976744186046512
12835969.175715555,0.0702234382124943
12838907.45843913,0.07067943456452348
12885455.077058677,0.07113543091655267
12921665.54436803,0.07159142726858185
13025165.47964659,0.07204742362061103
13027367.836585134,0.07250341997264022
13058071.577637887,0.0729594163246694
13069762.999174582,0.07341541267669859
13079259.985919993,0.07387140902872777
13236052.622778121,0.07432740538075695
13272112.1523344,0.07478340173278614
13304157.654960087,0.07523939808481532
13360999.478512565,0.0756953944368445
13418477.158621516,0.07615139078887369
13464132.076331286,0.07660738714090287
13530628.912619276,0.07706338349293206
13594692.815787913,0.07751937984496124
13613984.07827858,0.07797537619699042
13664324.320660528,0.0784313725490196
13720162.11628646,0.07888736890104879
13758082.516538825,0.07934336525307797
13818274.991427569,0.07979936160510716
13846777.209452014,0.08025535795713634
13861294.335830156,0.08071135430916553
13897470.612819754,0.08116735066119471
13941968.063119186,0.0816233470132239
13954896.173538828,0.08207934336525308
13984882.751786904,0.08253533971728226
14034669.277770823,0.08299133606931144
14072253.195242157,0.08344733242134063
14095064.809802521,0.08390332877336981
14103534.41913472,0.084359325125399
14193939.044990918,0.08481532147742818
14365870.071354497,0.08527131782945736
14521185.853181137,0.08572731418148655
14539683.65008035,0.08618331053351573
14567390.734692866,0.08663930688554491
14654761.178148117,0.0870953032375741
14717429.94948859,0.08755129958960328
14825576.432613257,0.08800729594163247
14866531.432221686,0.08846329229366165
14883482.325629419,0.08891928864569083
14894441.573977154,0.08937528499772002
15023693.49131525,0.0898312813497492
15046384.188891103,0.09028727770177838
15055607.23612333,0.09074327405380757
15074431.925835839,0.09119927040583675
15133754.632346354,0.09165526675786594
15159806.822091568,0.09211126310989512
15274172.607771207,0.0925672594619243
15430223.06451752,0.09302325581395349
15652005.661863582,0.09347925216598267
16085693.460122956,0.09393524851801185
16243659.434428103,0.09439124487004104
16432530.774102049,0.09484724122207022
16520449.252803054,0.0953032375740994
16592243.04003644,0.09575923392612859
16685141.474459365,0.09621523027815777
16693954.16664577,0.09667122663018696
16750411.211832143,0.09712722298221614
16776844.081601001,0.09758321933424532
16859602.167529903,0.09803921568627451
16923774.080447853,0.09849521203830369
16953275.907485157,0.09895120839033288
17036499.87354617,0.09940720474236206
17100881.862522975,0.09986320109439124
17107292.497346044,0.10031919744642043
17112645.30762604,0.10077519379844961
17198468.28328067,0.1012311901504788
17250960.875613794,0.10168718650250798
17319826.01697769,0.10214318285453716
17439493.089767374,0.10259917920656635
17481860.911279153,0.10305517555859553
17551611.904310733,0.10351117191062471
17737818.324346118,0.1039671682626539
17741156.61610779,0.10442316461468308
17772827.661152773,0.10487916096671226
17806043.623764534,0.10533515731874145
17818883.90903442,0.10579115367077063
17828527.059563044,0.10624715002279982
17834055.050530713,0.106703146374829
17878459.686452072,0.10715914272685818
17899324.787903495,0.10761513907888737
17921425.493985966,0.10807113543091655
17925757.657672353,0.10852713178294573
17986695.231358744,0.10898312813497492
18008515.74360125,0.1094391244870041
18013128.101127606,0.10989512083903329
18016719.75252265,0.11035111719106247
18095886.187056504,0.11080711354309165
18283927.090994146,0.11126310989512084
18540210.65702032,0.11171910624715002
18668337.247575443,0.1121751025991792
18812402.284608237,0.11263109895120839
19165633.328594,0.11308709530323757
19253003.772049252,0.11354309165526676
19275824.90922773,0.11399908800729594
19865568.1255551,0.11445508435932512
19877307.821604915,0.11491108071135431
20314480.226929516,0.11536707706338349
20321303.280496795,0.11582307341541268
20404054.69514379,0.11627906976744186
20546504.218828887,0.11673506611947104
20691894.68560561,0.11719106247150023
20872890.494113125,0.11764705882352941
20911973.70949205,0.1181030551755586
20966471.073144373,0.11855905152758778
21048971.875162818,0.11901504787961696
21139260.24602934,0.11947104423164615
21236447.76134587,0.11992704058367533
21262571.02614713,0.12038303693570451
21442522.413288996,0.1208390332877337
21463135.69614183,0.12129502963976288
21549453.889196906,0.12175102599179206
21602639.016355775,0.12220702234382125
21691654.76471059,0.12266301869585043
21744259.348464634,0.12311901504787962
22114757.61591509,0.1235750113999088
22130895.433751117,0.12403100775193798
22183341.36623057,0.12448700410396717
22380300.945823763,0.12494300045599635
22723009.512801018,0.12539899680802552
22837108.4472045,0.12585499316005472
23305517.49570698,0.12631098951208392
23364996.461502444,0.1267669858641131
23428720.014580313,0.12722298221614226
23510326.816483308,0.12767897856817145
23612570.3335739,0.12813497492020065
23784510.949905217,0.12859097127222985
23801705.345102444,0.129046967624259
23862045.839058433,0.1295029639762882
23870338.659420177,0.12995896032831739
23953748.44620007,0.13041495668034658
24080979.382076383,0.13087095303237573
24432196.52310266,0.13132694938440492
24436182.039568167,0.13178294573643412
24494903.899919506,0.13223894208846332
24560054.559477944,0.13269493844049246
24631865.76293041,0.13315093479252166
24652952.99390087,0.13360693114455086
24709623.865854558,0.13406292749658005
24718222.731273647,0.1345189238486092
24744655.601042505,0.1349749202006384
24769113.06149684,0.1354309165526676
24827146.418740127,0.1358869129046968
24866493.972125463,0.13634290925672593
24881110.835016403,0.13679890560875513
25049950.556127734,0.13725490196078433
25078005.647488892,0.13771089831281352
25122000.817645654,0.13816689466484267
25122243.06856979,0.13862289101687186
25180844.859679557,0.13907888736890106
25193624.11712172,0.13953488372093026
25207658.409472063,0.1399908800729594
25248684.140675005,0.1404468764249886
25297741.56293151,0.1409028727770178
25368766.53181182,0.141358869129047
25459625.071016885,0.14181486548107614
25470464.743100636,0.14227086183310533
25522370.25681483,0.14272685818513453
25590538.13754907,0.14318285453716373
25718954.512466934,0.14363885088919287
25751555.363672882,0.14409484724122207
25770993.394365434,0.14455084359325127
25772996.11477631,0.14500683994528046
25880286.504067346,0.1454628362973096
25984531.271964155,0.1459188326493388
26245035.923480693,0.146374829001368
26271156.64464114,0.1468308253533972
26358527.08809639,0.14728682170542634
26437735.901276667,0.14774281805745554
26608414.394462775,0.14819881440948474
26744756.784375142,0.14865481076151393
26792596.129953343,0.14911080711354308
26819355.32480466,0.14956680346557227
26851296.739426315,0.15002279981760147
26889053.804591294,0.15047879616963067
26900439.4867065,0.1509347925216598
26929504.17718647,0.151390788873689
26950268.39133684,0.1518467852257182
26972459.993635252,0.1523027815777474
26998016.42374398,0.15275877792977655
27030724.201874353,0.15321477428180574
27059783.32116206,0.15367077063383494
27111285.617460653,0.15412676698586414
27130723.64815321,0.15458276333789328
27143138.486821365,0.15503875968992248
27158566.489752963,0.15549475604195168
27354079.417163245,0.15595075239398087
27401637.318036124,0.15640674874601002
27484992.48369543,0.1568627450980392
27555465.8209533,0.1573187414500684
27562654.544159938,0.1577747378020976
27582092.57485249,0.15823073415412675
27604766.177268464,0.15868673050615595
27632967.003278233,0.15914272685818515
27646009.709819242,0.15959872321021434
27665447.740511794,0.16005471956224349
27726144.314139407,0.16051071591427268
27805926.151937883,0.16096671226630188
27821655.336792637,0.16142270861833108
27937085.24448129,0.16187870497036022
27957221.173706137,0.16233470132238942
28067998.31101347,0.16279069767441862
28139490.269627053,0.16324669402644781
28229015.537137285,0.16370269037847696
28248453.56782984,0.16415868673050615
28307827.480274335,0.16461468308253535
28409915.714964688,0.16507067943456455
28480538.38106549,0.1655266757865937
28722496.096945096,0.1659826721386229
28838333.97530974,0.1664386684906521
28953973.800104916,0.16689466484268128
28984190.33014105,0.16735066119471043
29276578.855362665,0.16780665754673962
29280821.58224625,0.16826265389876882
29477836.000314813,0.16871865025079802
29561418.532463662,0.16917464660282716
29591889.41199799,0.16963064295485636
29625727.27363626,0.17008663930688556
29740670.41694777,0.17054263565891475
29950617.468006074,0.1709986320109439
30974175.11470596,0.1714546283629731
31357887.318227097,0.1719106247150023
31374981.908984516,0.1723666210670315
31720446.83125769,0.17282261741906063
31792163.563771468,0.17327861377108983
32047294.613399025,0.17373461012311903
32369026.4304585,0.17419060647514822
33619891.58177426,0.17464660282717737
33721882.07050127,0.17510259917920656
33948617.70201871,0.17555859553123576
34067102.99971226,0.17601459188326496
34109634.928142525,0.1764705882352941
34129072.95883507,0.1769265845873233
34195768.56725327,0.1773825809393525
34213800.70811328,0.1778385772913817
34266737.922710955,0.17829457364341084
34540874.357152775,0.17875056999544003
34554425.970884494,0.17920656634746923
34751699.39789838,0.17966256269949843
34835186.363694586,0.18011855905152757
34839589.173742294,0.18057455540355677
34950447.28576861,0.18103055175558597
35365161.40474925,0.18148654810761516
35563628.68535889,0.1819425444596443
35566618.82334137,0.1823985408116735
35616346.82550963,0.1828545371637027
35693152.76264693,0.1833105335157319
35916660.30170779,0.18376652986776104
36034517.13539934,0.18422252621979024
36054973.970399454,0.18467852257181944
36080367.34706544,0.18513451892384863
36190101.38923368,0.18559051527587778
36302457.72009175,0.18604651162790697
36497542.15964966,0.18650250797993617
36615399.741251625,0.18695850433196537
36746062.94346224,0.1874145006839945
36795134.89836045,0.1878704970360237
36926349.07712915,0.1883264933880529
36999514.27663527,0.1887824897400821
37020446.4082949,0.18923848609211125
37040906.39598412,0.18969448244414044
37276490.31331956,0.19015047879616964
37354044.146399125,0.19060647514819884
37360445.91584576,0.19106247150022798
37392361.46420465,0.19151846785225718
37416998.09472384,0.19197446420428638
37461073.16948773,0.19243046055631557
37502318.691013,0.19288645690834472
37504216.766515784,0.19334245326037391
37509602.72656359,0.1937984496124031
37525789.67395396,0.1942544459644323
37771045.11014276,0.19471044231646145
37809361.89848072,0.19516643866849065
37829100.69004664,0.19562243502051985
37882542.09376127,0.19607843137254904
37918982.79746474,0.1965344277245782
38044078.99680578,0.19699042407660738
38070163.85982598,0.19744642042863658
38078261.61897611,0.19790241678066578
38117244.1963119,0.19835841313269492
38136209.680622056,0.19881440948472412
38205263.820021,0.19927040583675332
38210342.538232,0.19972640218878251
38345550.92470655,0.20018239854081166
38534728.014400475,0.20063839489284085
38621946.686192416,0.20109439124487005
38888775.02981939,0.20155038759689925
38913598.856271364,0.2020063839489284
39081005.09919625,0.2024623803009576
39091840.32060318,0.2029183766529868
39188830.94383441,0.20337437300501598
39604496.00369392,0.20383036935704513
39624045.13213363,0.20428636570907432
39664809.483462274,0.20474236206110352
39723555.036193,0.20519835841313272
39945937.97732417,0.20565435476516186
40179795.41158281,0.20611035111719106
40180472.46653999,0.20656634746922026
40229918.6752676,0.20702234382124945
40270916.18921978,0.2074783401732786
40306560.86351104,0.2079343365253078
40317289.118722856,0.208390332877337
40440735.352984026,0.2088463292293662
40892104.27968331,0.20930232558139533
40964226.257481694,0.20975832193342453
40975459.44534261,0.21021431828545373
41113349.598140694,0.21067031463748292
41421572.67950418,0.21112631098951207
41494809.91821911,0.21158230734154126
41558465.27266066,0.21203830369357046
41589648.92905537,0.21249430004559966
41613269.50193341,0.2129502963976288
41637509.34144623,0.213406292749658
41677019.37251063,0.2138622891016872
41707721.81180629,0.2143182854537164
41845053.63680993,0.21477428180574554
41940117.28407475,0.21523027815777473
42041017.85575466,0.21568627450980393
42081956.177158326,0.21614227086183313
42121278.057446286,0.21659826721386227
42124373.02141396,0.21705426356589147
42211743.464869216,0.21751025991792067
42435539.39148986,0.21796625626994987
42707378.848732,0.218422252621979
42794749.29218726,0.2188782489740082
43096000.58311521,0.2193342453260374
43153756.83418566,0.2197902416780666
43280855.51213235,0.22024623803009574
43384878.34953421,0.22070223438212494
43512966.99380837,0.22115823073415414
43618563.795239516,0.22161422708618334
43651287.1824324,0.22207022343821248
44415982.505408935,0.22252621979024167
44535126.20463955,0.22298221614227087
44715913.39987775,0.22343821249430007
44754512.99790918,0.2238942088463292
45007559.83070701,0.2243502051983584
45088401.14321915,0.2248062015503876
45202759.68871964,0.2252621979024168
45270196.5775374,0.22571819425444595
45679224.06282466,0.22617419060647515
46054530.500112504,0.22663018695850434
46101014.02215266,0.22708618331053354
46138490.73745044,0.22754217966256268
46562812.185120635,0.22799817601459188
46668289.814290084,0.22845417236662108
47241862.67594002,0.22891016871865028
47306869.273511074,0.22936616507067942
47390395.14660005,0.22982216142270862
47452128.58418356,0.2302781577747378
47679637.876985975,0.230734154126767
47876895.67683077,0.23119015047879615
47936898.6191505,0.23164614683082535
48008813.86443146,0.23210214318285455
48193605.563300796,0.23255813953488375
48499636.387779236,0.2330141358869129
48539308.722671404,0.23347013223894209
48626679.16612665,0.23392612859097128
48968045.43628172,0.23438212494300048
48974375.52761826,0.23483812129502962
49288563.94983453,0.23529411764705882
49303447.72450535,0.23575011399908802
49358356.3928294,0.23620611035111722
49685204.17497074,0.23666210670314636
49859366.64156701,0.23711810305517556
50005192.76463465,0.23757409940720475
50094724.46367739,0.23803009575923395
50289301.34414948,0.2384860921112631
50308450.29365088,0.2389420884632923
50327775.69006949,0.2393980848153215
50394090.733925596,0.23985408116735069
50468210.74557584,0.24031007751937983
50710234.219833806,0.24076607387140903
50862499.78242808,0.24122207022343822
50977096.56124364,0.24167806657546742
51390102.82030524,0.24213406292749656
51445505.60974612,0.24259005927952576
51454454.71746517,0.24304605563155496
51459018.5514229,0.24350205198358416
51702439.469265975,0.2439580483356133
51984857.28654345,0.2444140446876425
52417401.96326679,0.2448700410396717
52448108.77912752,0.2453260373917009
52572184.6371418,0.24578203374373003
52680175.86596715,0.24623803009575923
52710084.742598966,0.24669402644778843
53048622.33377454,0.24715002279981763
53240845.8245156,0.24760601915184677
53296081.66886637,0.24806201550387597
53670046.08144802,0.24851801185590516
53786344.35378598,0.24897400820793436
53802444.82096111,0.2494300045599635
53845598.841867134,0.2498860009119927
53862930.17949744,0.2503419972640219
54111800.12731469,0.2507979936160511
54226117.71098005,0.25125398996808024
54263933.71704348,0.25170998632010944
54320371.27254292,0.25216598267213863
54366169.85008827,0.25262197902416783
54434612.21022959,0.25307797537619703
54494705.94528199,0.25353397172822617
54568737.958104186,0.25398996808025537
54645553.140571475,0.25444596443228457
54776466.207103655,0.2549019607843137
54843056.08029623,0.2553579571363429
54937483.43322747,0.2558139534883721
54940953.698993,0.2562699498404013
54956921.46392002,0.2567259461924305
55121954.33334453,0.25718194254445964
55382274.47596945,0.25763793889648884
55452062.575184755,0.25809393524851804
55546099.63327377,0.2585499316005472
55553183.160750225,0.2590059279525764
55583915.639337204,0.2594619243046056
55657238.71437249,0.25991792065663477
55672095.21077127,0.26037391700866397
55754594.13252331,0.2608299133606931
55965535.0628652,0.2612859097127223
56018728.18244886,0.2617419060647515
56096448.12939738,0.26219790241678065
56155164.32161893,0.26265389876880985
56155371.12754757,0.26310989512083904
56257465.355521195,0.26356589147286824
56276903.38621374,0.26402188782489744
56330589.01111421,0.2644778841769266
56331230.97415563,0.2649338805289558
56401901.38232454,0.265389876880985
56616691.50918623,0.2658458732330141
56629996.85254527,0.2663018695850433
56681514.91552266,0.2667578659370725
56702256.39826317,0.2672138622891017
56775865.63752115,0.2676698586411309
56854606.01920133,0.26812585499316005
56871734.11722979,0.26858185134518925
56874383.53224573,0.26903784769721845
56947724.13495407,0.2694938440492476
57089886.80368593,0.2699498404012768
57179590.460447066,0.270405836753306
57196645.25649777,0.2708618331053352
57340759.58324817,0.2713178294573644
57383561.49684583,0.2717738258093935
57710409.27898716,0.2722298221614227
57938826.32229371,0.2726858185134519
58009729.890873216,0.27314181486548106
58126005.85323826,0.27359781121751026
58183766.32412113,0.27405380756953945
58211947.80845584,0.27450980392156865
58367771.34861894,0.27496580027359785
58410227.42420897,0.275421796625627
58779829.784999944,0.2758777929776562
58796574.80281573,0.2763337893296854
59060926.542269744,0.27678978568171453
59620181.72961307,0.2772457820337437
59794534.45168438,0.2777017783857729
60043174.6810307,0.2781577747378021
60363288.50111344,0.2786137710898313
60533705.43680333,0.27906976744186046
60717476.680524714,0.27952576379388966
61044324.46266605,0.27998176014591886
61190606.423833266,0.280437756497948
61396419.15398404,0.2808937528499772
61450493.50846921,0.2813497492020064
61482020.49732776,0.2818057455540356
61869560.600240946,0.2822617419060648
61969898.55830417,0.28271773825809393
62135052.48759467,0.28317373461012313
62219182.643003315,0.2836297309621523
62802002.41962148,0.28408572731418147
62841750.75111553,0.28454172366621067
62936575.591902025,0.28499772001823986
63194736.20555575,0.28545371637026906
63199270.38526365,0.28590971272229826
63376474.84347412,0.2863657090743274
63782963.052714914,0.2868217054263566
63959480.67079216,0.2872777017783858
63996756.48039586,0.28773369813041494
64000552.689859234,0.28818969448244414
64042075.97215686,0.28864569083447333
64083193.2982404,0.28910168718650253
64103539.162625074,0.28955768353853173
64140226.630330466,0.29001367989056087
64161732.67340925,0.29046967624259007
64312127.927418225,0.29092567259461927
64384499.06542259,0.2913816689466484
64414709.75515403,0.2918376652986776
64455309.09873077,0.2922936616507068
64637324.74991701,0.292749658002736
64638944.07974749,0.2932056543547652
64664094.48001909,0.29366165070679434
64691465.01517387,0.29411764705882354
64696456.76576784,0.29457364341085274
64703857.375830114,0.2950296397628819
64770797.36175442,0.2954856361149111
64777022.57533623,0.2959416324669403
64808277.448488355,0.29639762881896947
64935868.63495521,0.29685362517099867
65092111.33752172,0.2973096215230278
65099419.9905384,0.297765617875057
65194506.39342482,0.2982216142270862
65279462.593085885,0.29867761057911535
65281725.06521675,0.29913360693114455
65548553.408843726,0.29958960328317374
65694876.402165756,0.30004559963520294
65723461.09736978,0.30050159598723214
65888527.28143105,0.3009575923392613
66023839.29812384,0.3014135886912905
66033003.19580512,0.3018695850433197
66044648.69141039,0.3023255813953488
66097004.497629955,0.302781577747378
66227543.51339076,0.3032375740994072
66514488.31571854,0.3036935704514364
66562338.23864269,0.3041495668034656
66601706.98751047,0.30460556315549475
66610198.84706279,0.30506155950752395
66701478.988383956,0.30551755585955315
66717986.74884175,0.3059735522115823
66752205.813053735,0.3064295485636115
66779789.48220879,0.3068855449156407
66868535.33113745,0.3073415412676699
66966339.24253538,0.3077975376196991
67033584.633794166,0.3082535339717282
67243260.28454623,0.3087095303237574
67554360.14414516,0.3091655266757866
67634628.65848213,0.30962152302781576
68218243.651685,0.31007751937984496
68230258.38151975,0.31053351573187415
68262982.90391405,0.31098951208390335
68286321.1648291,0.31144550843593255
68319656.51314372,0.3119015047879617
68530236.65919112,0.3123575011399909
68597620.24264586,0.3128134974920201
68630512.89475144,0.31326949384404923
68731998.30755281,0.3137254901960784
68741734.55618267,0.3141814865481076
68756779.78066692,0.3146374829001368
68882581.31306866,0.315093479252166
69099623.68452428,0.31554947560419516
69152186.25987318,0.31600547195622436
69367157.22775634,0.31646146830825356
69454527.6712116,0.3169174646602827
69465673.94386083,0.3173734610123119
69483272.2107736,0.3178294573643411
69538225.57397872,0.3182854537163703
69657581.54887639,0.3187414500683995
69688709.07438436,0.31919744642042863
69913608.19826396,0.31965344277245783
70052820.08702126,0.320109439124487
70061716.47847639,0.32056543547651617
70119976.85871948,0.32102143182854537
70147290.26232387,0.32147742818057456
70230676.76631108,0.32193342453260376
70365746.19985476,0.32238942088463296
70435282.00187221,0.3228454172366621
70441117.98029654,0.3233014135886913
70541589.57654878,0.3237574099407205
70642290.58293174,0.32421340629274964
70687139.15005006,0.32466940264477884
70774509.59350532,0.32512539899680803
70788689.24623245,0.32558139534883723
70860552.03087233,0.32603739170086643
70975361.27228588,0.3264933880528956
71164628.24991453,0.32694938440492477
71296203.83839522,0.32740538075695397
71332897.22546656,0.3278613771089831
71383574.28185047,0.3283173734610123
71392905.13191159,0.3287733698130415
71551247.42740898,0.3292293661650707
71679843.95463921,0.3296853625170999
72022469.64605288,0.33014135886912904
72031426.8896825,0.33059735522115824
72154466.07667802,0.33105335157318744
72789030.7242917,0.3315093479252166
72806447.71581428,0.3319653442772458
72860948.51400067,0.332421340629275
73068340.16067728,0.3328773369813042
73630034.06678501,0.33333333333333337
73746959.31869355,0.3337893296853625
73871229.82376367,0.3342453260373917
74394755.34886217,0.3347013223894209
74490947.57635507,0.33515731874145005
74680221.57293384,0.33561331509347925
74901273.59051727,0.33606931144550845
75145580.36592764,0.33652530779753764
75379134.46533027,0.33698130414956684
75586270.01515546,0.337437300501596
75687106.54898652,0.3378932968536252
75770851.6509106,0.3383492932056544
76536904.75121126,0.3388052895576835
76805575.2980971,0.3392612859097127
76843619.83472988,0.3397172822617419
76928281.65648709,0.3401732786137711
77155819.98865674,0.3406292749658003
77399752.80435996,0.34108527131782945
77452205.88779257,0.34154126766985865
77482667.77079807,0.34199726402188785
77495028.04148081,0.342453260373917
77552389.68278122,0.3429092567259462
77636874.94026798,0.3433652530779754
78105283.98877046,0.3438212494300046
78255125.64966431,0.3442772457820338
78287475.85528733,0.3447332421340629
78678046.19463776,0.3451892384860921
78792334.56130704,0.3456452348381213
78956856.8625617,0.34610123119015046
79079045.23203394,0.34655722754217966
79231963.01616614,0.34701322389420886
79241014.03212771,0.34746922024623805
79309745.55691944,0.34792521659826725
79384119.25763479,0.3483812129502964
79425265.91106418,0.3488372093023256
79431926.09757166,0.3492932056543548
79464437.20860356,0.34974920200638393
79543816.24157745,0.35020519835841313
79553144.74484944,0.3506611947104423
79581531.74506009,0.3511171910624715
79605575.57544976,0.3515731874145007
79657262.0771776,0.35202918376652986
79660946.90127432,0.35248518011855906
79717827.06176162,0.35294117647058826
79856251.08594927,0.3533971728226174
79953464.58221999,0.3538531691746466
79959301.4437271,0.3543091655266758
80015266.44895968,0.354765161878705
80242119.50679262,0.3552211582307342
80417381.59804404,0.35567715458276333
80430523.81089735,0.35613315093479253
80513338.66963181,0.35658914728682173
80551944.93845986,0.35704514363885087
80712823.15416092,0.35750113999088007
80827818.83460039,0.35795713634290927
80847201.80906202,0.35841313269493846
80864058.31377028,0.35886912904696766
80941782.80118565,0.3593251253989968
81060780.5078746,0.359781121751026
81080929.0370929,0.3602371181030552
81110158.58045606,0.36069311445508434
81152453.23563929,0.36114911080711354
81164928.1232451,0.36160510715914274
81251315.14054932,0.36206110351117193
81295422.92422223,0.36251709986320113
81429112.40791287,0.3629730962152303
81572371.35775149,0.36342909256725947
81620198.2008745,0.36388508891928867
81686620.61421554,0.3643410852713178
81690421.3172709,0.364797081623347
81708508.7786729,0.3652530779753762
81843835.80376944,0.3657090743274054
82021681.5879327,0.3661650706794346
82042399.76239276,0.36662106703146374
82043419.80919461,0.36707706338349294
82311430.33126341,0.36753305973552214
82576211.56544177,0.3679890560875513
82614212.14178115,0.3684450524395805
82681629.25801817,0.3689010487916097
82807979.45182776,0.3693570451436389
82895889.80571294,0.36981304149566807
83161546.33826321,0.3702690378476972
83309416.46256699,0.3707250341997264
83446529.31173126,0.3711810305517556
83517639.50201471,0.37163702690378475
83823068.13713427,0.37209302325581395
83855879.37315777,0.37254901960784315
83969505.47951113,0.37300501595987234
83972331.4842764,0.37346101231190154
84044955.17705941,0.3739170086639307
84057024.13689534,0.3743730050159599
84060530.72980869,0.3748290013679891
84371802.95920075,0.3752849977200182
84560819.66465196,0.3757409940720474
84876697.58099894,0.3761969904240766
84952838.28593671,0.3766529867761058
85071510.10226044,0.377108983128135
85136782.29298405,0.37756497948016415
85151380.31765503,0.37802097583219335
85208746.86599346,0.37847697218422255
85264668.77055342,0.3789329685362517
85401173.44472681,0.3793889648882809
85504300.90759487,0.3798449612403101
85513321.11838706,0.3803009575923393
85533841.2403292,0.3807569539443685
85571103.87585802,0.3812129502963976
85602753.92406988,0.3816689466484268
85741059.0384101,0.382124943000456
85752450.45276468,0.38258093935248516
85945644.38231021,0.38303693570451436
85959623.02775897,0.38349293205654356
86178807.14914942,0.38394892840857275
86299734.66968487,0.38440492476060195
86345067.63659753,0.3848609211126311
86613870.35056436,0.3853169174646603
86665241.24979149,0.3857729138166895
86685364.5423476,0.38622891016871863
86803687.82927698,0.38668490652074783
87026636.91873081,0.387140902872777
87078032.45006548,0.3875968992248062
87326618.63595608,0.3880528955768354
87443018.1483814,0.38850889192886456
87490030.43181567,0.38896488828089376
87560234.16671811,0.38942088463292296
87590176.40596482,0.3898768809849521
87878199.48799688,0.3903328773369813
87882766.67713536,0.3907888736890105
87967008.02269328,0.3912448700410397
88184570.0265596,0.3917008663930689
88342343.16575272,0.39215686274509803
88863313.99351119,0.39261285909712723
88892871.00554931,0.39306885544915643
88938120.50079389,0.39352485180118557
89734008.48396389,0.39398084815321477
89779367.38917565,0.39443684450524397
89930127.90862615,0.39489284085727316
90029287.22644755,0.39534883720930236
90312199.20344533,0.3958048335613315
90505607.24259256,0.3962608299133607
90707749.00768854,0.3967168262653899
90713659.6233249,0.39717282261741904
91013504.27949645,0.39762881896944824
91036346.60717843,0.39808481532147744
91088750.29064476,0.39854081167350663
91178680.01373608,0.39899680802553583
91191785.36948656,0.399452804377565
91196869.28674196,0.39990880072959417
91312491.74576299,0.40036479708162337
91521533.35622117,0.4008207934336525
91602305.40813373,0.4012767897856817
91810289.46046168,0.4017327861377109
91908504.76304759,0.4021887824897401
92050811.69357975,0.4026447788417693
92059675.50793675,0.40310077519379844
92317977.77669077,0.40355677154582764
92340900.26001212,0.40401276789785684
92517006.30166522,0.404468764249886
92700557.0926271,0.4049247606019152
92703757.26074927,0.4053807569539444
92757314.04461981,0.4058367533059736
92866881.82852021,0.40629274965800277
93185007.27125795,0.4067487460100319
93252980.99570726,0.4072047423620611
93272739.48511407,0.4076607387140903
93379961.85031739,0.40811673506611945
93600703.06874484,0.40857273141814865
93667313.4505558,0.40902872777017785
94265089.5601063,0.40948472412220704
94299214.6643004,0.40994072047423624
94330890.38843733,0.4103967168262654
94434173.0508003,0.4108527131782946
94550771.18255427,0.4113087095303238
94582417.20158117,0.4117647058823529
94604806.4245769,0.4122207022343821
94951834.47248004,0.4126766985864113
95046216.87439874,0.4131326949384405
95094613.58273444,0.4135886912904697
95098058.69933774,0.41404468764249885
95114194.88068633,0.41450068399452805
95373173.94549403,0.41495668034655725
95474162.44130906,0.4154126766985864
95722261.51438674,0.4158686730506156
95796182.68842565,0.4163246694026448
95892085.57007937,0.416780665754674
95985769.51320246,0.4172366621067032
96116779.57596837,0.4176926584587323
96201209.77974159,0.4181486548107615
96211274.84346518,0.4186046511627907
96236748.46375048,0.41906064751481986
96353688.53514118,0.41951664386684906
96363388.6144426,0.41997264021887826
96378264.74436267,0.42042863657090745
96656443.47365543,0.42088463292293665
96722010.41356377,0.4213406292749658
96739927.43984562,0.421796625626995
96749239.33635072,0.4222526219790242
96788311.68059053,0.42270861833105333
96875541.47231215,0.42316461468308253
96924462.26335306,0.4236206110351117
96926156.26371916,0.4240766073871409
97115232.06762081,0.4245326037391701
97325724.29667902,0.42498860009119926
97396878.75825788,0.42544459644322846
97428054.41930954,0.42590059279525766
97442079.84976214,0.4263565891472868
97597972.27872904,0.426812585499316
97604278.15454443,0.4272685818513452
97646640.33284381,0.4277245782033744
97855542.43296932,0.4281805745554036
98089540.07463858,0.42863657090743273
98347470.61495407,0.42909256725946193
98400649.82626194,0.42954856361149113
98644894.19918083,0.43000455996352027
98648829.99107702,0.43046055631554947
98658983.50962041,0.43091655266757867
98732396.39672196,0.43137254901960786
98845939.34423272,0.43182854537163706
98972243.97866032,0.4322845417236662
99374151.35485739,0.4327405380756954
99486429.86492044,0.4331965344277246
99693469.02386418,0.43365253077975374
99732154.70143226,0.43410852713178294
99938084.51794957,0.43456452348381214
100211564.88409956,0.43502051983584133
100303307.0878376,0.43547651618787053
100341946.0626978,0.4359325125398997
100548046.17024277,0.4363885088919289
100650832.64523555,0.43684450524395807
100786966.77268854,0.4373005015959872
100931686.63902988,0.4377564979480164
100969072.2580144,0.4382124943000456
100982913.89596637,0.4386684906520748
101119802.49285093,0.439124487004104
101393353.02366948,0.43958048335613314
101415532.69198725,0.44003647970816234
101418521.38269767,0.44049247606019154
101534528.58160257,0.4409484724122207
101567462.81679457,0.4414044687642499
101572584.04834066,0.4418604651162791
101576499.00229216,0.4423164614683083
101600420.06121324,0.4427724578203375
101728079.44797201,0.4432284541723666
101837415.13127425,0.4436844505243958
102270822.1088431,0.444140446876425
102332113.30470453,0.44459644322845415
102563096.2848532,0.44505243958048335
102568180.2021086,0.44550843593251255
102687356.30814473,0.44596443228454175
102816444.16367304,0.44642042863657094
102871700.27957958,0.4468764249886001
103380603.57809424,0.4473324213406293
103473212.7925039,0.4477884176926585
103516958.05873482,0.4482444140446876
103776125.10375623,0.4487004103967168
103781521.95955244,0.449156406748746
103818471.08908452,0.4496124031007752
103857043.51188767,0.4500683994528044
103886796.3121594,0.45052439580483356
103922831.7498782,0.45098039215686275
103942517.19566055,0.45143638850889195
103943614.89326029,0.4518923848609211
104247257.34572774,0.4523483812129503
104344239.73770829,0.4528043775649795
104495312.01693162,0.4532603739170087
104497066.30080359,0.4537163702690379
104503882.03182128,0.454172366621067
104600171.37245895,0.4546283629730962
104645209.34340881,0.4550843593251254
104678460.70411737,0.45554035567715456
104723363.08495347,0.45599635202918376
105041845.66601013,0.45645234838121296
105049514.32136053,0.45690834473324216
105129288.91356261,0.45736434108527135
105169643.70950219,0.4578203374373005
105169869.14738928,0.4582763337893297
105344000.40988168,0.4587323301413589
105373746.38085994,0.45918832649338803
105489345.26117286,0.45964432284541723
105508297.359029,0.46010031919744643
105514848.69924012,0.4605563155494756
105546407.97279228,0.4610123119015048
105640284.68880022,0.46146830825353397
105808088.21864635,0.46192430460556316
105809980.44135302,0.46238030095759236
105826204.91689388,0.4628362973096215
106121796.1681306,0.4632922936616507
106291123.08584163,0.4637482900136799
106325858.9287641,0.4642042863657091
106368713.68537019,0.4646602827177383
106383642.3118286,0.46511627906976744
106417527.7897654,0.46557227542179663
106918169.09666498,0.46602827177382583
107162075.28952996,0.466484268125855
107179213.84122714,0.46694026447788417
107331326.90760642,0.46739626082991337
107336911.447351,0.46785225718194257
107369142.91366985,0.46830825353397176
107480288.55787751,0.4687642498860009
107481533.9266267,0.4692202462380301
107539821.40685597,0.4696762425900593
107750762.33719784,0.47013223894208844
107881675.40373003,0.47058823529411764
107937599.65654291,0.47104423164614684
107957661.17995478,0.47150022799817604
107998347.38884814,0.47195622435020523
108005658.60017699,0.4724122207022344
108042692.62985384,0.4728682170542636
108043474.60624042,0.47332421340629277
108062130.66054639,0.4737802097583219
108214153.09942654,0.4742362061103511
108325195.17098947,0.4746922024623803
108402310.8248718,0.4751481988144095
108407117.16795027,0.4756041951664387
108425094.0297684,0.47606019151846785
108428446.22276911,0.47651618787049704
108487483.6725958,0.47697218422252624
108556007.0963006,0.4774281805745554
108600566.87484668,0.4778841769265846
108630503.20277297,0.4783401732786138
108695559.99267666,0.478796169630643
108717024.32242441,0.4792521659826722
108736462.35311697,0.4797081623347013
108753964.9742013,0.4801641586867305
108847950.20792168,0.4806201550387597
109028581.8544256,0.48107615139078885
109161815.36516638,0.48153214774281805
109219657.20250341,0.48198814409484725
109257473.20856684,0.48244414044687645
109275174.10467768,0.48290013679890564
109428151.70175295,0.4833561331509348
109472291.51544318,0.483812129502964
109574706.92870247,0.4842681258549932
109639092.63209482,0.4847241222070223
109658321.75449918,0.4851801185590515
109770005.69862701,0.4856361149110807
109876049.27180326,0.4860921112631099
109931022.92475083,0.4865481076151391
109950460.95544338,0.48700410396716826
110002161.71386252,0.48746010031919745
110082631.32050067,0.48791609667122665
110175491.8324949,0.4883720930232558
110301779.04023239,0.488828089375285
110336333.2637337,0.4892840857273142
110375813.9674928,0.4897400820793434
110444087.47886707,0.4901960784313726
110444217.9554541,0.4906520747834017
110572236.97817023,0.4911080711354309
110663181.04587504,0.4915640674874601
110716033.33785515,0.49202006383948926
110753759.6880928,0.49247606019151846
110826350.64325848,0.49293205654354766
110896898.1157382,0.49338805289557686
110966127.42392007,0.49384404924760605
111160201.74805193,0.4943000455996352
111218933.33733037,0.4947560419516644
111233079.4674383,0.4952120383036936
111309254.88578534,0.49566803465572273
111346017.68139403,0.49612403100775193
111535079.13941096,0.49658002735978113
111651064.31542584,0.4970360237118103
111954325.36719021,0.4974920200638395
111961950.91032085,0.49794801641586867
112151145.74907771,0.49840401276789786
112198199.74671994,0.49886000911992706
112415664.31137545,0.4993160054719562
112456750.63833521,0.4997720018239854
112503185.30540797,0.5002279981760146
112523020.11634424,0.5006839945280438
112571966.83469944,0.501139990880073
112716010.80987667,0.5015959872321022
112822919.95921716,0.5020519835841313
112962825.05889878,0.5025079799361605
113026749.25785124,0.5029639762881897
113104974.17962638,0.5034199726402189
113181444.7855866,0.5038759689922481
113477167.9675631,0.5043319653442773
113587010.38023347,0.5047879616963065
113612275.60222372,0.5052439580483357
113805095.16542049,0.5056999544003649
113962613.24846727,0.506155950752394
114058179.91602464,0.5066119471044231
114075175.34382597,0.5070679434564523
114183095.19087605,0.5075239398084815
114360716.33869283,0.5079799361605107
114413618.59467916,0.5084359325125399
114587229.6939541,0.5088919288645691
114717403.09697011,0.5093479252165982
114777851.57782905,0.5098039215686274
114902656.88733508,0.5102599179206566
114916952.61054504,0.5107159142726858
114987160.6397525,0.511171910624715
115024976.64581594,0.5116279069767442
115125097.0502179,0.5120839033287734
115164332.55609512,0.5125398996808026
115195655.13900205,0.5129958960328318
115223130.82314849,0.5134518923848609
115261561.3865247,0.5139078887368901
115327186.72228289,0.5143638850889193
115377374.4735926,0.5148198814409485
115406596.06934394,0.5152758777929777
115411041.3566418,0.5157318741450069
115411405.24915496,0.5161878704970361
115537509.13587612,0.5166438668490652
115583495.76452024,0.5170998632010944
115698526.36199993,0.5175558595531236
115716676.74278043,0.5180118559051528
115717964.39269248,0.518467852257182
115775636.16381674,0.5189238486092111
115927271.37410171,0.5193798449612403
115946959.94774188,0.5198358413132695
116035203.45374148,0.5202918376652987
116084498.34340876,0.5207478340173278
116088740.19583999,0.521203830369357
116108178.22653255,0.5216598267213862
116143317.4047419,0.5221158230734154
116150052.3232797,0.5225718194254446
116255889.36932275,0.5230278157774738
116268969.9311733,0.523483812129503
116308221.0882845,0.5239398084815321
116403226.09602797,0.5243958048335613
116425892.57458897,0.5248518011855905
116433726.97547157,0.5253077975376197
116475559.98885112,0.5257637938896489
116481684.04010046,0.5262197902416781
116560719.77022986,0.5266757865937073
116567902.24039873,0.5271317829457365
116596571.06777509,0.5275877792977657
116621291.64031248,0.5280437756497948
116698338.47537404,0.528499772001824
116701219.4051403,0.5289557683538532
116804453.62464274,0.5294117647058824
116938425.06464915,0.5298677610579116
117004917.19224468,0.5303237574099408
117018485.47640996,0.53077975376197
117064689.86741853,0.531235750113999
117099442.29077296,0.5316917464660282
117118880.3214655,0.5321477428180574
117156015.73267107,0.5326037391700866
117159085.01498632,0.5330597355221158
117251263.13156042,0.533515731874145
117336359.16469775,0.5339717282261742
117430216.35635671,0.5344277245782034
117532877.91691159,0.5348837209302326
117544233.33351493,0.5353397172822617
117607882.29538666,0.5357957136342909
117702661.94978221,0.5362517099863201
117705905.2364897,0.5367077063383493
117706699.51945432,0.5371637026903785
117739021.55998911,0.5376196990424077
117740599.69189739,0.5380756953944369
117776422.91309246,0.538531691746466
117809066.5724565,0.5389876880984952
117835290.24263889,0.5394436844505244
117882231.77196261,0.5398996808025536
117902239.47972421,0.5403556771545828
117974418.06216434,0.540811673506612
118036420.57974565,0.5412676698586412
118299715.59005119,0.5417236662106704
118370014.33499748,0.5421796625626996
118378688.88791339,0.5426356589147286
118386934.26184313,0.5430916552667578
118467376.69514355,0.543547651618787
118483398.26502706,0.5440036479708162
118556563.46453318,0.5444596443228454
118611651.05449153,0.5449156406748746
118649467.06055497,0.5453716370269038
118653762.6054701,0.5458276333789329
118798016.80690807,0.5462836297309621
118820145.55374108,0.5467396260829913
118888474.69809808,0.5471956224350205
118953020.16231552,0.5476516187870497
118974047.28262177,0.5481076151390789
119012636.84459925,0.5485636114911081
119016574.71594733,0.5490196078431373
119031086.48408295,0.5494756041951665
119061265.9544137,0.5499316005471956
119121651.31543423,0.5503875968992248
119161999.55061513,0.550843593251254
119206225.93981424,0.5512995896032832
119310419.15976341,0.5517555859553124
119323016.77673896,0.5522115823073416
119342454.8074315,0.5526675786593708
119370259.3782369,0.5531235750113999
119537234.2958151,0.5535795713634291
119575050.30187856,0.5540355677154583
119600673.51267567,0.5544915640674875
119697396.86735348,0.5549475604195167
119735760.53012365,0.5554035567715458
119745728.79506467,0.555859553123575
119767807.81948093,0.5563155494756042
119770562.0668596,0.5567715458276334
119901755.5758083,0.5572275421796625
119956669.72540653,0.5576835385316917
120071548.43916173,0.5581395348837209
120087582.79193874,0.5585955312357501
120188045.88494818,0.5590515275877793
120248600.01806255,0.5595075239398085
120268038.04875511,0.5599635202918377
120275264.55674012,0.5604195166438668
120542092.9003671,0.560875512995896
120572512.33392271,0.5613315093479252
120693391.0608045,0.5617875056999544
120740278.78199206,0.5622435020519836
120745880.13173233,0.5626994984040128
120753185.66593637,0.563155494756042
120898932.60904454,0.5636114911080712
121006476.71351476,0.5640674874601004
121077625.8683281,0.5645234838121295
121084322.4479892,0.5649794801641587
121093476.82545613,0.5654354765161879
121220528.68095167,0.5658914728682171
121323452.84831135,0.5663474692202463
121334016.72386456,0.5668034655722755
121612410.4618357,0.5672594619243047
121812356.36059186,0.5677154582763337
121846943.75280905,0.5681714546283629
121959878.73405875,0.5686274509803921
121997784.54088195,0.5690834473324213
122062724.72436224,0.5695394436844505
122243063.42610022,0.5699954400364797
122320327.90553935,0.5704514363885089
122351675.94077694,0.5709074327405381
122358244.88384572,0.5713634290925673
122373630.3916759,0.5718194254445964
122472366.4243827,0.5722754217966256
122521275.44537961,0.5727314181486548
122546938.20384239,0.573187414500684
122559736.86783798,0.5736434108527132
122668082.00856885,0.5740994072047424
122693308.22197178,0.5745554035567716
122765130.55362363,0.5750113999088007
122860838.66482568,0.5754673962608299
122893683.08212538,0.5759233926128591
122927601.68451849,0.5763793889648883
123060390.7750395,0.5768353853169175
123078999.4820004,0.5772913816689467
123143599.85827705,0.5777473780209759
123146698.1169533,0.5782033743730051
123211783.14320835,0.5786593707250343
123217931.81262101,0.5791153670770633
123234068.56040855,0.5795713634290925
123252148.45455769,0.5800273597811217
123382479.33282565,0.5804833561331509
123386812.67382856,0.5809393524851801
123452740.19508438,0.5813953488372093
123486741.76563297,0.5818513451892385
123537331.1138753,0.5823073415412676
123597469.7436155,0.5827633378932968
123602793.679888,0.583219334245326
123697128.90506874,0.5836753305973552
123700013.65874438,0.5841313269493844
123735274.04770602,0.5845873233014136
123795759.76723763,0.5850433196534428
123896130.73062018,0.585499316005472
123953026.03568012,0.5859553123575012
123993007.51372805,0.5864113087095303
124056356.81041874,0.5868673050615595
124066792.71885395,0.5873233014135887
124137517.77224658,0.5877792977656179
124157778.71450874,0.5882352941176471
124169924.32202339,0.5886912904696763
124332799.27956763,0.5891472868217055
124360696.7192797,0.5896032831737346
124423116.78677773,0.5900592795257638
124448067.16273496,0.590515275877793
124602323.32547456,0.5909712722298222
124645345.27744794,0.5914272685818514
124692833.99108519,0.5918832649338805
124720523.59956463,0.5923392612859097
124787454.86710468,0.5927952576379389
124890953.55151789,0.5932512539899681
124961635.3449844,0.5937072503419972
125003709.60866101,0.5941632466940264
125052172.10621402,0.5946192430460556
125110737.43340468,0.5950752393980848
125397355.52743468,0.595531235750114
125414694.21919395,0.5959872321021432
125464900.3046026,0.5964432284541724
125538065.50410871,0.5968992248062015
125552463.78002751,0.5973552211582307
125762157.35564572,0.5978112175102599
125832811.44926463,0.5982672138622891
125855114.13844264,0.5987232102143183
125867553.84083924,0.5991792065663475
125942804.569455,0.5996352029183767
125955549.32219729,0.6000911992704059
126012759.33853832,0.6005471956224351
126042767.99398923,0.6010031919744642
126092943.86601216,0.6014591883264934
126099134.315214,0.6019151846785226
126121439.52833764,0.6023711810305518
126309596.3376162,0.602827177382581
126401940.15569314,0.6032831737346102
126590599.4692182,0.6037391700866394
126647818.63715336,0.6041951664386684
126706320.9252606,0.6046511627906976
126793137.08216283,0.6051071591427268
126854125.94525783,0.605563155494756
126865816.23337561,0.6060191518467852
126919597.7871625,0.6064751481988144
127206047.08151734,0.6069311445508436
127227284.09462701,0.6073871409028728
127228385.42629619,0.607843137254902
127233761.75150344,0.6082991336069311
127284881.4641841,0.6087551299589603
127384439.4804065,0.6092111263109895
127427470.41412689,0.6096671226630187
127438338.21614936,0.6101231190150479
127452732.64746739,0.6105791153670771
127470424.9187764,0.6110351117191063
127476154.22221278,0.6114911080711354
127554332.00575225,0.6119471044231646
127646832.7153989,0.6124031007751938
127685954.32634404,0.612859097127223
127727382.17130786,0.6133150934792522
127762008.1869856,0.6137710898312814
127770806.72850816,0.6142270861833106
127857773.64574078,0.6146830825353398
127949480.80238368,0.615139078887369
127979047.43151341,0.615595075239398
127988686.71227296,0.6160510715914272
128022729.32787639,0.6165070679434564
128025975.01380663,0.6169630642954856
128117596.0051479,0.6174190606475148
128149703.93839677,0.617875056999544
128152867.33595058,0.6183310533515732
128169141.96908933,0.6187870497036023
128317243.6738885,0.6192430460556315
128345014.01430364,0.6196990424076607
128398886.19604091,0.6201550387596899
128594494.98113875,0.6206110351117191
128687591.42830917,0.6210670314637483
128979286.58045746,0.6215230278157775
129066801.67196079,0.6219790241678067
129071469.7527596,0.6224350205198359
129074402.28863926,0.622891016871865
129089390.7193416,0.6233470132238942
129128298.1000809,0.6238030095759234
129162555.91884772,0.6242590059279526
129270597.25562724,0.6247150022799818
129327976.27836196,0.625170998632011
129369500.41429752,0.6256269949840402
129429164.27592179,0.6260829913360693
129466157.24995983,0.6265389876880985
129502777.48495515,0.6269949840401277
129565750.38439138,0.6274509803921569
129580039.7369363,0.627906976744186
129667258.40872824,0.6283629730962152
129706423.69544803,0.6288189694482444
129934086.75235525,0.6292749658002736
130014973.9606652,0.6297309621523028
130031170.35188839,0.6301869585043319
130067951.4176815,0.6306429548563611
130088139.16017132,0.6310989512083903
130128200.15652882,0.6315549475604195
130171772.70681037,0.6320109439124487
130172952.37196942,0.6324669402644779
130215570.59998408,0.6329229366165071
130380202.50923051,0.6333789329685362
130505622.9782599,0.6338349293205654
130507442.75698005,0.6342909256725946
130518413.99036887,0.6347469220246238
130592841.65005183,0.635202918376653
130605784.43382412,0.6356589147286822
130614430.1427294,0.6361149110807114
130742084.13689436,0.6365709074327406
130778695.82832983,0.6370269037847698
130859669.99367881,0.6374829001367989
130880081.46793368,0.6379388964888281
130949346.6572452,0.6383948928408573
130967308.98091245,0.6388508891928865
130979262.03590263,0.6393068855449157
131092563.24097471,0.6397628818969449
131210493.18539684,0.640218878248974
131267127.56393622,0.6406748746010031
131351872.58604687,0.6411308709530323
131359462.7693204,0.6415868673050615
131416415.8294649,0.6420428636570907
131529116.08530185,0.6424988600091199
131616486.52875713,0.6429548563611491
131629543.66904458,0.6434108527131783
131663161.24036556,0.6438668490652075
131753691.55255315,0.6443228454172367
131842542.31162712,0.6447788417692658
131884824.87796739,0.645234838121295
132085038.90058905,0.6456908344733242
132277455.82737043,0.6461468308253534
132278557.9485049,0.6466028271773826
132337172.21279252,0.6470588235294118
132380328.3354988,0.647514819881441
132540153.30248354,0.6479708162334701
132603776.99519648,0.6484268125854993
132630414.43179132,0.6488828089375285
132829415.60562702,0.6493388052895577
132891318.52702491,0.6497948016415869
132907943.7600336,0.6502507979936161
133011503.90536307,0.6507067943456453
133014053.3622752,0.6511627906976745
133047310.80548926,0.6516187870497037
133070924.97451596,0.6520747834017327
133078038.51766002,0.652530779753762
133091898.10899755,0.6529867761057911
133098823.4802938,0.6534427724578203
133127267.89969416,0.6538987688098495
133450445.0334042,0.6543547651618787
133488261.03946762,0.6548107615139079
133508342.1150304,0.655266757865937
133529360.23652005,0.6557227542179662
133658939.53265373,0.6561787505699954
133752690.57126783,0.6566347469220246
133840061.01472309,0.6570907432740538
133869880.46299559,0.657546739626083
133925486.00700857,0.6580027359781122
133932610.73393968,0.6584587323301414
133994351.14837247,0.6589147286821706
134000793.5295278,0.6593707250341997
134052851.14101775,0.6598267213862289
134080432.31814215,0.6602827177382581
134161810.75565161,0.6607387140902873
134181248.78634416,0.6611947104423165
134225502.50768948,0.6616507067943457
134606601.79839355,0.6621067031463749
134678273.8125914,0.662562699498404
134694241.00249705,0.6630186958504332
134765644.25604668,0.6634746922024624
134990814.9560658,0.6639306885544916
135091897.47233227,0.6643866849065208
135746834.88465744,0.66484268125855
135917132.94095397,0.6652986776105791
135969684.59174934,0.6657546739626083
136053971.25628483,0.6662106703146375
136343801.8814819,0.6666666666666666
136452802.05372408,0.6671226630186958
136588695.34864342,0.667578659370725
136659938.795617,0.6680346557227542
136752606.81969813,0.6684906520747834
136867765.544546,0.6689466484268126
136893703.2360445,0.6694026447788418
136986662.18297735,0.6698586411308709
137105540.5939509,0.6703146374829001
137150529.37409702,0.6707706338349293
137171701.17596146,0.6712266301869585
137304312.60669583,0.6716826265389877
137492715.45755324,0.6721386228910169
137580085.9010085,0.6725946192430461
137604691.79933035,0.6730506155950753
137882782.06987995,0.6735066119471045
137916077.88099942,0.6739626082991336
137963120.40167186,0.6744186046511628
137988338.13219145,0.674874601003192
137989243.08050555,0.6753305973552212
138180446.22193593,0.6757865937072504
138273291.4811576,0.6762425900592796
138296228.18225366,0.6766985864113088
138298212.05470985,0.6771545827633378
138316616.24470326,0.677610579115367
138397917.86904043,0.6780665754673962
138406726.8985941,0.6785225718194254
138438201.26752624,0.6789785681714546
138450147.45589256,0.6794345645234838
138493945.57038605,0.679890560875513
138532683.43023723,0.6803465572275422
138582849.77533224,0.6808025535795714
138603665.910122,0.6812585499316005
138620665.78139567,0.6817145462836297
138635892.33084273,0.6821705426356589
138760773.91401303,0.6826265389876881
138788131.70288053,0.6830825353397173
138791344.27458176,0.6835385316917465
138863929.0426434,0.6839945280437757
138866326.9175429,0.6844505243958048
138949689.8957124,0.684906520747834
139002285.20492366,0.6853625170998632
139096419.388742,0.6858185134518924
139133198.27145582,0.6862745098039216
139149110.15333465,0.6867305061559508
139234917.26484352,0.68718650250798
139294215.49757963,0.6876424988600092
139308048.89148197,0.6880984952120384
139313653.5282722,0.6885544915640675
139621858.35945553,0.6890104879160966
139739006.54032162,0.6894664842681258
139798833.7978135,0.689922480620155
139993005.9449386,0.6903784769721842
140077389.06075144,0.6908344733242134
140091645.8330997,0.6912904696762426
140144300.16072267,0.6917464660282717
140176841.00602975,0.6922024623803009
140178559.74770468,0.6926584587323301
140250462.29585126,0.6931144550843593
140267242.84631598,0.6935704514363885
140493645.0648886,0.6940264477884177
140693923.59402677,0.6944824441404469
141187000.69022554,0.6949384404924761
141380948.0010093,0.6953944368445053
141386000.34618756,0.6958504331965344
141430464.1568543,0.6963064295485636
141615741.4511785,0.6967624259005928
141634822.73654723,0.697218422252622
141715679.22626832,0.6976744186046512
141953955.06135198,0.6981304149566804
142022408.28377944,0.6985864113087096
142036824.04626718,0.6990424076607387
142039994.34416786,0.6994984040127679
142066078.07353964,0.6999544003647971
142231113.54882932,0.7004103967168263
142409018.9930684,0.7008663930688555
142464440.75538847,0.7013223894208847
142490817.33228195,0.7017783857729138
142536025.34669775,0.702234382124943
142579377.73292565,0.7026903784769722
142638635.8904489,0.7031463748290013
142654211.7506272,0.7036023711810305
142666748.1763809,0.7040583675330597
142891008.03774706,0.7045143638850889
142896947.14646205,0.7049703602371181
142947991.525103,0.7054263565891473
143098596.69220164,0.7058823529411765
143183807.9932163,0.7063383492932056
143416400.57360548,0.7067943456452348
143617496.3596776,0.707250341997264
143852094.51444682,0.7077063383492932
143928184.69825426,0.7081623347013224
144222015.23686236,0.7086183310533516
144259831.2429258,0.7090743274053808
144371514.3201227,0.70953032375741
144396539.9792351,0.7099863201094392
144430509.7361119,0.7104423164614683
144514751.43266332,0.7108983128134975
144543079.60100117,0.7113543091655267
144582808.2383507,0.7118103055175559
144600693.3878809,0.7122663018695851
144641450.66645378,0.7127222982216143
144703827.23656496,0.7131782945736435
144772363.73298597,0.7136342909256725
144789769.19178253,0.7140902872777017
144823779.19427198,0.7145462836297309
144933380.95910978,0.7150022799817601
144952818.98980233,0.7154582763337893
144967961.50205183,0.7159142726858185
145030675.01870632,0.7163702690378477
145085298.93598375,0.7168262653898769
145108813.0155479,0.7172822617419061
145116616.97392386,0.7177382580939352
145134765.02828524,0.7181942544459644
145378172.00185177,0.7186502507979936
145521375.4088147,0.7191062471500228
145571934.15520242,0.719562243502052
145757918.49023688,0.7200182398540812
145762433.17006487,0.7204742362061104
145838752.56167993,0.7209302325581395
145903840.15250954,0.7213862289101687
146036540.5919735,0.7218422252621979
146183608.0773132,0.7222982216142271
146189724.3363277,0.7227542179662563
146190666.5649595,0.7232102143182855
146400860.6355569,0.7236662106703147
146532130.70495293,0.7241222070223439
146556489.07954046,0.7245782033743731
146772085.79292583,0.7250341997264022
146826450.35643482,0.7254901960784313
146865743.7729404,0.7259461924304605
146920470.88734555,0.7264021887824897
147001986.52802587,0.7268581851345189
147198482.81546772,0.7273141814865481
147201867.56163967,0.7277701778385773
147213140.02447242,0.7282261741906064
147442570.9741091,0.7286821705426356
147561511.98515958,0.7291381668946648
147733206.9078263,0.729594163246694
147792760.6884966,0.7300501595987232
147923503.86928105,0.7305061559507524
147923874.75347176,0.7309621523027816
147966061.8786068,0.7314181486548108
148052011.95575356,0.73187414500684
148054358.64242044,0.7323301413588691
148200293.68765602,0.7327861377108983
148314356.01033288,0.7332421340629275
148316212.73514432,0.7336981304149567
148591484.55018046,0.7341541267669859
148641666.59756443,0.7346101231190151
148678854.99363574,0.7350661194710443
148930805.31046674,0.7355221158230734
148999670.45183066,0.7359781121751026
149060589.4401823,0.7364341085271318
149133754.63968843,0.736890104879161
149551238.457777,0.7373461012311902
149638457.12956893,0.7378020975832194
149695236.49401528,0.7382580939352485
149905285.47319588,0.7387140902872777
149940012.9153087,0.739170086639307
150173117.55666,0.739626082991336
150447075.37116274,0.7400820793433652
150456891.36156008,0.7405380756953944
150498107.36638746,0.7409940720474236
150685695.4744245,0.7414500683994528
150691851.79245618,0.741906064751482
150849095.44543728,0.7423620611035112
150872800.31165493,0.7428180574555403
150927608.68531942,0.7432740538075695
151317504.49393976,0.7437300501595987
151323071.30688757,0.7441860465116279
151390295.04762316,0.7446420428636571
151477918.02321008,0.7450980392156863
151525861.8597638,0.7455540355677155
151702845.4819734,0.7460100319197447
151719656.5258262,0.7464660282717739
151878466.5001077,0.746922024623803
151917059.7816188,0.7473780209758322
152041444.0853142,0.7478340173278614
152095362.4651843,0.7482900136798906
152254062.22955376,0.7487460100319198
152309721.42756322,0.749202006383949
152444183.52133545,0.7496580027359782
152574975.71603718,0.7501139990880072
152630806.3443909,0.7505699954400364
152666545.09468803,0.7510259917920656
152713261.83010748,0.7514819881440948
152837648.27699783,0.751937984496124
153011820.2015705,0.7523939808481532
153098466.62053484,0.7528499772001824
153120930.24610913,0.7533059735522116
153141492.39859205,0.7537619699042408
153217274.94293386,0.7542179662562699
153227434.35380962,0.7546739626082991
153283612.79097822,0.7551299589603283
153372372.36935642,0.7555859553123575
153723889.29210854,0.7560419516643867
153757654.91083834,0.7564979480164159
153811259.73556378,0.7569539443684451
153955378.19667447,0.7574099407204742
154674897.00437543,0.7578659370725034
154699754.90171245,0.7583219334245326
154772920.10121855,0.7587779297765618
154919991.14546946,0.759233926128591
155031544.71732354,0.7596899224806202
155190403.91930714,0.7601459188326494
155247683.74295953,0.7606019151846786
155277622.59109908,0.7610579115367078
155305033.62559614,0.7615139078887369
155317074.75083417,0.761969904240766
155413359.49213192,0.7624259005927952
155429882.752446,0.7628818969448244
155444067.1052291,0.7633378932968536
155544450.93472606,0.7637938896488828
155887158.265361,0.764249886000912
156163948.08373594,0.7647058823529411
156215792.5445996,0.7651618787049703
156300161.19763762,0.7656178750569995
156322402.27537802,0.7660738714090287
156397943.6385002,0.7665298677610579
156428890.46438733,0.7669858641130871
156702195.5374121,0.7674418604651163
156749886.081865,0.7678978568171455
156861202.26269212,0.7683538531691747
156894459.7065467,0.7688098495212038
156962236.76841772,0.769265845873233
156963324.84791058,0.7697218422252622
156979404.06968543,0.7701778385772914
157329611.3111946,0.7706338349293206
157391517.9267139,0.7710898312813498
157444125.7275773,0.771545827633379
157567896.68710867,0.7720018239854081
157636612.067808,0.7724578203374373
157818398.64415744,0.7729138166894665
157848793.43962893,0.7733698130414957
157895189.90449938,0.7738258093935249
157961975.82294497,0.774281805745554
158093887.58072305,0.7747378020975833
158125583.2580039,0.7751937984496124
158207211.96905974,0.7756497948016416
158214141.1775673,0.7761057911536707
158370677.39909798,0.7765617875056999
158456290.33859026,0.7770177838577291
158462349.0768365,0.7774737802097583
158620932.35024425,0.7779297765617875
158737632.082065,0.7783857729138167
158856094.8808146,0.7788417692658459
158924960.02217853,0.779297765617875
159101189.02190873,0.7797537619699042
159170054.16327262,0.7802097583219334
159325262.83377922,0.7806657546739626
159363054.75363865,0.7811217510259918
159381586.96651572,0.781577747378021
159450425.1970939,0.7820337437300502
159459689.91208553,0.7824897400820794
159976891.29102802,0.7829457364341086
160040234.87026894,0.7834017327861377
160170404.20763192,0.7838577291381669
160206585.36934218,0.7843137254901961
160465932.58635885,0.7847697218422253
160507632.72637722,0.7852257181942545
160529538.2101724,0.7856817145462837
160575891.9355105,0.7861377108983129
160667150.9997104,0.786593707250342
160683199.1259436,0.7870497036023711
160701646.88555866,0.7875056999544003
160728013.2844853,0.7879616963064295
160862900.12647593,0.7884176926584587
160893142.53615916,0.7888736890104879
161027227.59573108,0.7893296853625171
161054474.1166129,0.7897856817145463
161251391.25948486,0.7902416780665755
161562532.47012883,0.7906976744186046
161659630.10151476,0.7911536707706338
161843811.26927447,0.791609667122663
161875964.34632087,0.7920656634746922
161927116.40031952,0.7925216598267214
161939731.20764995,0.7929776561787506
161993607.00462016,0.7934336525307798
162039940.28596908,0.7938896488828089
162082619.89471838,0.7943456452348381
162141851.62224427,0.7948016415868673
162270900.8739201,0.7952576379388965
162462016.05312264,0.7957136342909257
162579327.68725243,0.7961696306429549
162685781.11203402,0.7966256269949841
162993833.77643117,0.7970816233470133
163046362.76028952,0.7975376196990425
163166490.0582718,0.7979936160510716
163211801.69017902,0.7984496124031008
163451850.70970353,0.79890560875513
163453154.8611072,0.7993616051071591
163588695.08051834,0.7998176014591883
163892277.40647048,0.8002735978112175
163930699.57196715,0.8007295941632467
163951088.41690147,0.8011855905152758
163965784.41145623,0.801641586867305
164062849.41773525,0.8020975832193342
164387488.1680608,0.8025535795713634
164412167.55887425,0.8030095759233926
164657261.69996837,0.8034655722754218
164689280.82275587,0.803921568627451
164782357.836215,0.8043775649794802
165011863.84577793,0.8048335613315094
165187629.44524366,0.8052895576835385
165432723.58633775,0.8057455540355677
165539282.53805465,0.8062015503875969
165634999.167761,0.8066575467396261
165889421.0847546,0.8071135430916553
165963898.65865678,0.8075695394436845
166115699.51468897,0.8080255357957137
166129593.7654546,0.8084815321477428
166392482.14761445,0.808937528499772
166440171.06374842,0.8093935248518012
166440389.56180862,0.8098495212038304
166455906.58212027,0.8103055175558596
166468586.3611577,0.8107615139078888
166642387.43122995,0.811217510259918
166691962.02652904,0.8116735066119471
166711424.13509822,0.8121295029639763
166754174.48044693,0.8125854993160054
166869143.46782124,0.8130414956680346
166990497.5859076,0.8134974920200638
167119003.9163119,0.813953488372093
167159859.043601,0.8144094847241222
167164784.03606853,0.8148654810761514
167177652.60330424,0.8153214774281806
167241234.5004694,0.8157774737802097
167247006.15291616,0.8162334701322389
167292404.44666114,0.8166894664842681
167296998.20013484,0.8171454628362973
167470353.3675543,0.8176014591883265
167470586.80820754,0.8180574555403557
167548482.80706993,0.8185134518923849
167621181.752339,0.8189694482444141
167632772.4661503,0.8194254445964433
167651654.1817147,0.8198814409484724
167831027.5813833,0.8203374373005016
167834625.72388554,0.8207934336525308
167923926.0158062,0.82124943000456
167989195.75317898,0.8217054263565892
167999214.29260945,0.8221614227086184
168004987.61287668,0.8226174190606476
168015628.62294784,0.8230734154126766
168048660.43955025,0.8235294117647058
168054756.17215157,0.823985408116735
168101181.5146528,0.8244414044687642
168222739.35328522,0.8248974008207934
168306023.54546967,0.8253533971728226
168409194.9201145,0.8258093935248518
168775830.44336343,0.826265389876881
169010410.15277538,0.8267213862289102
169135922.42860803,0.8271773825809393
169227860.54204845,0.8276333789329685
169255504.2938695,0.8280893752849977
169311871.89850268,0.8285453716370269
169314872.8943999,0.8290013679890561
169321329.8329211,0.8294573643410853
169498554.71571967,0.8299133606931145
169535613.71447614,0.8303693570451436
169558683.4242552,0.8308253533971728
169674687.9242295,0.831281349749202
169684652.40623352,0.8317373461012312
169753517.5475974,0.8321933424532604
169767674.8518099,0.8326493388052896
169864926.89276102,0.8331053351573188
169878117.68490562,0.833561331509348
169969873.6195272,0.8340173278613772
170337349.45511916,0.8344733242134063
170622600.7701828,0.8349293205654355
170978681.71043763,0.8353853169174646
171155806.32438338,0.8358413132694938
171653768.92181292,0.836297309621523
172136723.44396526,0.8367533059735522
172157344.7235959,0.8372093023255814
172195160.72965932,0.8376652986776105
172365839.22284544,0.8381212950296397
172520118.26806632,0.8385772913816689
172520614.66218004,0.8390332877336981
172643334.75530508,0.8394892840857273
172707693.2197195,0.8399452804377565
172821256.59189385,0.8404012767897857
172868710.4458433,0.8408572731418149
172888148.47653586,0.8413132694938441
173076988.00269863,0.8417692658458732
173083257.6808654,0.8422252621979024
173133888.780841,0.8426812585499316
173409648.9274574,0.8431372549019608
173530983.59895667,0.84359325125399
173585522.27269414,0.8440492476060192
173706405.089612,0.8445052439580484
174221540.6781889,0.8449612403100775
174445666.8422686,0.8454172366621067
174723100.67842376,0.8458732330141359
174846758.1601352,0.8463292293661651
175067048.59655708,0.8467852257181943
175071539.62225577,0.8472412220702235
175759495.5511192,0.8476972184222527
175836555.45997635,0.8481532147742818
175990552.37893763,0.848609211126311
176189269.5419324,0.8490652074783401
176462000.9845942,0.8495212038303693
176651624.5756097,0.8499772001823985
176695437.59612715,0.8504331965344277
176748310.3509544,0.8508891928864569
176925753.09088933,0.8513451892384861
176989616.409129,0.8518011855905153
177130245.87152803,0.8522571819425444
177152968.80339718,0.8527131782945736
177327846.38001165,0.8531691746466028
177567551.0433156,0.853625170998632
177589439.30585834,0.8540811673506612
177811592.84071615,0.8545371637026904
177900056.24895984,0.8549931600547196
178448199.0569773,0.8554491564067488
178895945.23400527,0.855905152758778
178916703.00737283,0.8563611491108071
179036537.89120314,0.8568171454628363
179196128.11367562,0.8572731418148655
179413247.5099436,0.8577291381668947
179426243.7647308,0.8581851345189239
179550490.7769242,0.8586411308709531
179609027.20146286,0.8590971272229823
179654567.7595657,0.8595531235750113
179955414.0406394,0.8600091199270405
180124471.07755142,0.8604651162790697
180134735.1795321,0.8609211126310989
180448032.52282524,0.8613771089831281
180495820.3973597,0.8618331053351573
180690190.69736236,0.8622891016871865
180702305.74529997,0.8627450980392157
180729010.82933202,0.8632010943912449
180743078.4439136,0.863657090743274
180772977.7637314,0.8641130870953032
180779458.18524224,0.8645690834473324
181011870.90742934,0.8650250797993616
181307701.85608998,0.8654810761513908
181415160.739357,0.86593707250342
181419430.2440934,0.8663930688554492
181596946.0988966,0.8668490652074783
181684316.54235184,0.8673050615595075
181752717.89804766,0.8677610579115367
181790533.90411106,0.8682170542635659
181883592.27910307,0.8686730506155951
181890707.68340802,0.8691290469676243
181961212.39729717,0.8695850433196535
182172153.32763904,0.8700410396716827
182196040.41410258,0.8704970360237119
182303066.39417124,0.870953032375741
182408673.6743572,0.8714090287277702
182464083.62029505,0.8718650250797993
182483521.6509876,0.8723210214318285
182666254.436624,0.8727770177838577
182908874.66303703,0.8732330141358869
183262966.69222164,0.8736890104879161
183264287.05173725,0.8741450068399452
183356409.0528146,0.8746010031919744
183453362.8556389,0.8750569995440036
183650731.79004487,0.8755129958960328
183685800.38805115,0.875968992248062
183775412.9385793,0.8764249886000912
183780210.6377802,0.8768809849521204
183857563.79845688,0.8773369813041496
184009949.2714832,0.8777929776561788
184200810.11565667,0.8782489740082079
184362097.5122923,0.8787049703602371
184381435.09238937,0.8791609667122663
184381535.54298484,0.8796169630642955
184392802.8895,0.8800729594163247
184394626.51265943,0.8805289557683539
184496671.52839714,0.8809849521203831
184561894.2655213,0.8814409484724122
184574803.38198736,0.8818969448244414
184743469.40426454,0.8823529411764706
184744387.2605333,0.8828089375284998
184880591.49857643,0.883264933880529
184925108.9516707,0.8837209302325582
184941895.99740365,0.8841769265845874
185118685.7766347,0.8846329229366166
185133273.96953687,0.8850889192886457
185146196.8272266,0.8855449156406748
185156245.44559446,0.886000911992704
185289108.7685864,0.8864569083447332
185487379.68042988,0.8869129046967624
185498792.57594708,0.8873689010487916
185518701.07525116,0.8878248974008208
185690635.80238858,0.88828089375285
185837248.7092829,0.8887368901048791
186276215.3059676,0.8891928864569083
186448615.59452865,0.8896488828089375
186565512.06249177,0.8901048791609667
186660567.32228824,0.8905608755129959
187415825.888521,0.8910168718650251
187418232.4220841,0.8914728682170543
187444054.92951876,0.8919288645690835
187628681.76234064,0.8923848609211127
187666548.8354476,0.8928408572731418
188133862.89138418,0.893296853625171
188798588.04479492,0.8937528499772002
188949784.18126786,0.8942088463292294
189001973.29170004,0.8946648426812586
189209391.36011943,0.8951208390332878
189704820.91118112,0.895576835385317
189862896.42641997,0.896032831737346
189863927.66424012,0.8964888280893752
189930452.6951581,0.8969448244414044
189969684.8840623,0.8974008207934336
190041831.65527087,0.8978568171454628
190235119.4419067,0.898312813497492
190280147.77786773,0.8987688098495212
190292249.98880035,0.8992248062015504
190358112.95510316,0.8996808025535796
190368350.9381831,0.9001367989056087
190446750.35037404,0.9005927952576379
190467741.20411345,0.9010487916096671
190713791.59980756,0.9015047879616963
190743309.7308696,0.9019607843137255
190881945.37379396,0.9024167806657547
191287890.73547053,0.9028727770177839
191486080.85785973,0.903328773369813
191558389.28892726,0.9037847697218422
191747465.0928289,0.9042407660738714
192074312.87497023,0.9046967624259006
192161606.73779285,0.9051527587779298
192230457.5628977,0.905608755129959
192266364.83018035,0.9060647514819882
192400362.62904686,0.9065207478340174
192411943.01299283,0.9069767441860466
192450296.2026864,0.9074327405380757
192513959.5322883,0.9078887368901049
192601451.6765893,0.908344733242134
192681718.43488023,0.9088007295941632
192707275.08402875,0.9092567259461924
192721323.9155303,0.9097127222982216
192853586.03461406,0.9101687186502508
192877138.53738382,0.9106247150022799
192891432.15661168,0.9110807113543091
192950450.63713852,0.9115367077063383
193030160.82763928,0.9119927040583675
193121914.95867726,0.9124487004103967
193273707.98369473,0.9129046967624259
193360892.36817566,0.9133606931144551
193384094.74985698,0.9138166894664843
193606974.7799293,0.9142726858185135
193769529.32676956,0.9147286821705426
193885207.70633328,0.9151846785225718
194049619.51528466,0.915640674874601
194075105.92074952,0.9160966712266302
194128471.45489496,0.9165526675786594
194131350.94647294,0.9170086639306886
194147193.76498517,0.9174646602827178
194295844.02741906,0.9179206566347469
194314375.9153337,0.9183766529867761
194394404.17960206,0.9188326493388053
194411817.9627273,0.9192886456908345
194432220.18566552,0.9197446420428637
194440331.79394445,0.9202006383948929
194443592.17470866,0.920656634746922
194458394.79941487,0.9211126310989513
194468926.09407762,0.9215686274509804
194492939.42960298,0.9220246238030095
194580159.87997922,0.9224806201550387
194583479.9835037,0.9229366165070679
194602898.67885163,0.9233926128590971
194621295.98956716,0.9238486092111263
194683923.07156354,0.9243046055631555
194791974.48275328,0.9247606019151847
194813839.60919347,0.9252165982672138
194861747.77903232,0.925672594619243
194910327.76564503,0.9261285909712722
194921233.75953835,0.9265845873233014
194944752.6757257,0.9270405836753306
194948143.77170846,0.9274965800273598
194974102.9355898,0.927952576379389
195002915.41309512,0.9284085727314182
195086651.10732022,0.9288645690834474
195105769.9018495,0.9293205654354765
195118822.26489457,0.9297765617875057
195125207.93254206,0.9302325581395349
195133828.47962734,0.9306885544915641
195230858.62470752,0.9311445508435933
195236245.83861613,0.9316005471956225
195255155.0091875,0.9320565435476517
195294845.70575115,0.9325125398996807
195314283.7364437,0.93296853625171
195329763.19523644,0.9334245326037391
195460676.26176864,0.9338805289557683
195529940.6040063,0.9343365253077975
195550560.94459146,0.9347925216598267
195621693.48789245,0.9352485180118559
195641131.518585,0.9357045143638851
195739636.7484931,0.9361605107159143
195744843.83875257,0.9366165070679434
196066484.53063443,0.9370725034199726
196268334.74325025,0.9375284997720018
196390953.3216002,0.937984496124031
196560469.76086968,0.9384404924760602
196893757.41482392,0.9388964888280894
196967365.83714774,0.9393524851801186
196981127.85827917,0.9398084815321477
197005181.8432112,0.9402644778841769
197175860.33639732,0.9407204742362061
197195598.4301799,0.9411764705882353
197386801.2667391,0.9416324669402645
197406332.43383244,0.9420884632922937
197444148.4398959,0.9425444596443229
197517714.33327138,0.9430004559963521
197529241.9877198,0.9434564523483813
197614826.933082,0.9439124487004104
197642857.73074982,0.9443684450524396
197678731.5593952,0.9448244414044688
197698169.59008774,0.945280437756498
197825767.8634238,0.9457364341085271
197945005.3304272,0.9461924304605563
197956680.92995608,0.9466484268125855
197964090.16027263,0.9471044231646146
197991729.7380172,0.9475604195166438
198117698.1560799,0.948016415868673
198123522.6021371,0.9484724122207022
198137136.18677244,0.9489284085727314
198155454.67068377,0.9493844049247606
198192095.3958146,0.9498404012767898
198454408.7072694,0.950296397628819
198486311.47629428,0.9507523939808482
198562489.19882178,0.9512083903328773
198791771.30682117,0.9516643866849065
198816150.19233292,0.9521203830369357
198832197.92412567,0.9525763793889649
199066590.4972153,0.9530323757409941
199138419.94084826,0.9534883720930233
199314378.62381223,0.9539443684450525
199483924.23660943,0.9544003647970816
199710959.4070061,0.9548563611491108
200044921.5182569,0.95531235750114
200623376.0119425,0.9557683538531692
200759811.7989742,0.9562243502051984
200806536.2065642,0.9566803465572276
200970261.13923076,0.9571363429092568
201650306.96594974,0.957592339261286
201839382.76985142,0.9580483356133151
202166230.55199274,0.9585043319653442
202525004.6809245,0.9589603283173734
202728855.11671838,0.9594163246694026
202864476.02349916,0.9598723210214318
203010037.21973753,0.960328317373461
203199113.02363917,0.9607843137254902
203357977.0141078,0.9612403100775194
203525960.8057805,0.9616963064295485
203544761.31209612,0.9621523027815777
203622900.28979608,0.9626082991336069
203733837.11599776,0.9630642954856361
204060684.8981391,0.9635202918376653
204127767.13941422,0.9639762881896945
204193828.3731988,0.9644322845417237
204316842.94331586,0.9648882808937529
204609217.36773252,0.9653442772457821
204643690.72545713,0.9658002735978112
204721726.669364,0.9662562699498404
204853993.78902596,0.9667122663018696
204872143.84445214,0.9671682626538988
204945309.04395828,0.967624259005928
205061219.6483538,0.9680802553579572
205092971.19852436,0.9685362517099864
205134384.84785992,0.9689922480620154
205362792.86204684,0.9694482444140446
205388067.4304951,0.9699042407660738
205450011.53383878,0.970360237118103
205461232.63000122,0.9708162334701322
205551868.66594848,0.9712722298221614
205582998.8772832,0.9717282261741906
205639087.3377404,0.9721842225262198
205716839.87746575,0.972640218878249
205762179.20209122,0.9730962152302781
205878716.4480898,0.9735522115823073
205905915.6813674,0.9740082079343365
205965935.11988175,0.9744642042863657
206021965.47396788,0.9749202006383949
206103500.1119463,0.9753761969904241
206232763.46350875,0.9758321933424533
206571023.7603442,0.9762881896944824
206700728.79695988,0.9767441860465116
206938962.17110902,0.9772001823985408
207060193.6708328,0.97765617875057
207134625.71115738,0.9781121751025992
207139695.39364457,0.9785681714546284
207323701.51505902,0.9790241678066576
207445105.50199783,0.9794801641586868
207650549.29720038,0.979936160510716
207795230.9993315,0.9803921568627451
207884072.09868252,0.9808481532147743
208319703.41617927,0.9813041495668035
208374721.11627725,0.9817601459188326
208386530.120307,0.9822161422708618
208505427.2284748,0.982672138622891
208575605.92420864,0.9831281349749202
208902453.70635,0.9835841313269493
208910021.0248047,0.9840401276789785
209099096.82870632,0.9844961240310077
209281571.81552657,0.9849521203830369
209425944.61084765,0.9854081167350661
209535443.69637835,0.9858641130870953
209622814.13983363,0.9863201094391245
209707587.36870304,0.9867761057911537
209724519.50028,0.9872321021431829
209811889.94373527,0.987688098495212
209991979.4022051,0.9881440948472412
210051367.28242132,0.9886000911992704
210138737.7258766,0.9890560875512996
210146553.96538773,0.9895120839033288
210252348.27712858,0.989968080255358
210796319.61187473,0.9904240766073872
211049876.6792607,0.9908800729594163
211398458.37453735,0.9913360693114455
211426117.81046715,0.9917920656634747
212108405.35392398,0.9922480620155039
212547371.95060867,0.9927040583675331
212634742.394064,0.9931600547195623
217994237.21279162,0.9936160510715915
218321084.99493298,0.9940720474236207
218462646.26129413,0.9945280437756499
218789494.04343545,0.9949840401276789
219589325.2886898,0.9954400364797081
219916173.07083112,0.9958960328317373
231702673.52145684,0.9963520291837665
232827619.0007164,0.9968080255357957
233632464.88678437,0.9972640218878249
237987078.48055226,0.9977200182398541
238226669.19490284,0.9981760145918832
238737287.02705657,0.9986320109439124
238772814.10492587,0.9990880072959416
239085463.7313551,0.9995440036479708
239101046.1780623,1.0
