-inf,0.0
14183.525075882673,0.00045599635202918376
15536.961392134428,0.0009119927040583675
21192.997233867645,0.0013679890560875513
23122.042086213827,0.001823985408116735
29088.842375203967,0.002279981760145919
30259.287761323154,0.0027359781121751026
40873.27640510537,0.0031919744642042863
46417.94557753578,0.00364797081623347
75234.30563513935,0.004103967168262654
92578.38629899919,0.004559963520291838
94043.31352928281,0.005015959872321021
100376.52271872759,0.005471956224350205
100936.99606950581,0.005927952576379389
102962.58488929272,0.006383948928408573
106762.58381065726,0.006839945280437756
107893.80832255632,0.00729594163246694
113996.05124819279,0.007751937984496124
115371.41704958677,0.008207934336525308
116387.56976057589,0.008663930688554491
119618.15434679389,0.009119927040583675
124033.97125124931,0.009575923392612859
126835.8972698003,0.010031919744642043
127023.12943550944,0.010487916096671226
127538.8852250278,0.01094391244870041
136580.73570132256,0.011399908800729594
142358.87622973323,0.011855905152758778
143486.47056296468,0.012311901504787962
148554.85457209498,0.012767897856817145
151158.3205716908,0.013223894208846329
152970.71023739874,0.013679890560875513
153080.90018417686,0.014135886912904697
154724.11804299057,0.01459188326493388
155004.7245862633,0.015047879616963064
155138.45015776157,0.015503875968992248
157646.32176715136,0.01595987232102143
157976.35372835398,0.016415868673050615
160348.8322788924,0.0168718650250798
162704.53693291545,0.017327861377108983
164108.7611951232,0.017783857729138167
164424.58335626312,0.01823985408116735
198046.61360402405,0.018695850433196534
198801.1921763718,0.019151846785225718
199016.89564355835,0.0196078431372549
206300.4590421021,0.020063839489284085
206379.6625277251,0.02051983584131327
207766.70754417777,0.020975832193342453
209566.24629813433,0.021431828545371637
212171.7631405592,0.02188782489740082
213009.12272307277,0.022343821249430004
215752.92169296741,0.022799817601459188
215892.94349870086,0.023255813953488372
223121.37433809042,0.023711810305517556
223645.55281774327,0.02416780665754674
225523.68508017063,0.024623803009575923
226789.81137010455,0.025079799361605107
229309.60568297282,0.02553579571363429
234895.00192829967,0.025991792065663474
236944.4708669372,0.026447788417692658
237996.35148100182,0.026903784769721842
241370.68093392253,0.027359781121751026
241782.90731064975,0.02781577747378021
244941.55250412226,0.028271773825809393
247061.87122376263,0.028727770177838577
247872.2943393886,0.02918376652986776
254028.04612529278,0.029639762881896944
254302.7294259295,0.030095759233926128
257588.9601555504,0.030551755585955312
263951.13610705733,0.031007751937984496
270276.2800347358,0.03146374829001368
270286.37634231895,0.03191974464204286
272381.903385669,0.03237574099407205
273418.73623785377,0.03283173734610123
278910.4521101732,0.033287733698130414
281316.14210510254,0.0337437300501596
283471.33204880357,0.03419972640218878
287127.3911100626,0.034655722754217966
287392.5683325231,0.03511171910624715
291888.59714409336,0.03556771545827633
294774.34095169604,0.03602371181030552
304879.99868068844,0.0364797081623347
305535.53818888776,0.036935704514363885
308766.7706333995,0.03739170086639307
310472.2867978234,0.03784769721842225
311568.87876078486,0.038303693570451436
315361.85358321667,0.03875968992248062
324103.9181972146,0.0392156862745098
325314.13718178123,0.03967168262653899
327652.1088830307,0.04012767897856817
329868.0456017852,0.040583675330597355
330045.8652816415,0.04103967168262654
330487.6725970693,0.04149566803465572
340532.5041742325,0.041951664386684906
343403.8172879815,0.04240766073871409
347439.62407013774,0.04286365709074327
348214.21154665947,0.04331965344277246
356903.57493916526,0.04377564979480164
357964.0263355449,0.044231646146830825
359037.279535234,0.04468764249886001
371370.27006506175,0.04514363885088919
373088.5453302786,0.045599635202918376
375180.8008170724,0.04605563155494756
380009.1569853425,0.046511627906976744
381964.48458611965,0.04696762425900593
393246.8458857313,0.04742362061103511
395068.5650548637,0.047879616963064295
397290.5908189714,0.04833561331509348
399311.26039519906,0.04879160966712266
403283.11877401173,0.049247606019151846
405853.27199925855,0.04970360237118103
408382.1421735659,0.050159598723210214
412916.0747599583,0.0506155950752394
419767.89646703005,0.05107159142726858
421312.1705517769,0.051527587779297765
426434.1749095917,0.05198358413132695
427533.13823124766,0.05243958048335613
439506.92201797664,0.052895576835385316
440690.79865676165,0.0533515731874145
461299.22231787443,0.053807569539443684
472116.17642727494,0.05426356589147287
475767.9682893604,0.05471956224350205
482273.69664262235,0.055175558595531235
482395.9142706692,0.05563155494756042
487484.7451966256,0.0560875512995896
488084.25764243305,0.056543547651618786
490618.5367268324,0.05699954400364797
495848.5022288561,0.057455540355677154
498796.3374367058,0.05791153670770634
499565.4724957496,0.05836753305973552
503173.9306508601,0.058823529411764705
505538.8996502459,0.05927952576379389
506606.8941485435,0.05973552211582307
508144.62378820777,0.060191518467852256
510626.912058115,0.06064751481988144
513430.63913346827,0.061103511171910624
516609.4772137329,0.06155950752393981
520000.46037477255,0.06201550387596899
521959.89960095286,0.062471500227998175
522082.01315057836,0.06292749658002736
522602.3731390871,0.06338349293205654
533543.8626562655,0.06383948928408573
542429.8381493986,0.06429548563611491
543722.0386134982,0.0647514819881441
548296.3966736794,0.06520747834017328
554984.9820931256,0.06566347469220246
558523.9470742047,0.06611947104423165
560087.8874389231,0.06657546739626083
561246.6057146192,0.06703146374829001
561560.1559641063,0.0674874601003192
563447.7678514421,0.06794345645234838
571522.8815774322,0.06839945280437756
574251.5301945955,0.06885544915640675
578422.2379315197,0.06931144550843593
581331.6562867463,0.06976744186046512
583189.2858070135,0.0702234382124943
585746.0766772479,0.07067943456452348
586977.7400182188,0.07113543091655267
590511.1888603568,0.07159142726858185
592085.0232707858,0.07204742362061103
595373.6566152275,0.07250341997264022
603313.9024913609,0.0729594163246694
604497.7992439345,0.07341541267669859
613919.0492409468,0.07387140902872777
615020.455665186,0.07432740538075695
615438.6122339666,0.07478340173278614
619091.2558864579,0.07523939808481532
623812.2047406435,0.0756953944368445
626995.42628254,0.07615139078887369
629541.5877890885,0.07660738714090287
636096.2054967582,0.07706338349293206
642812.7250231504,0.07751937984496124
643621.8008745685,0.07797537619699042
650525.4545129351,0.0784313725490196
652195.3597645201,0.07888736890104879
666613.1364513487,0.07934336525307797
677276.8089773804,0.07979936160510716
681038.2779159471,0.08025535795713634
690158.6314045824,0.08071135430916553
701524.9507327825,0.08116735066119471
705082.7809684258,0.0816233470132239
714146.8992849737,0.08207934336525308
716147.1020061485,0.08253533971728226
721169.2626349628,0.08299133606931144
732389.1058165133,0.08344733242134063
746017.1012663543,0.08390332877336981
763296.3118728548,0.084359325125399
768060.4501570165,0.08481532147742818
773181.6098893881,0.08527131782945736
804982.7257495578,0.08572731418148655
830010.8905392587,0.08618331053351573
831172.2797864377,0.08663930688554491
831762.3187722266,0.0870953032375741
836167.5588030219,0.08755129958960328
838348.6502475515,0.08800729594163247
843174.0668304153,0.08846329229366165
843617.8427907825,0.08891928864569083
844602.7442118004,0.08937528499772002
866593.5673349053,0.0898312813497492
883214.345143199,0.09028727770177838
886285.390758425,0.09074327405380757
886930.6116656959,0.09119927040583675
902316.7287283763,0.09165526675786594
902340.4925991781,0.09211126310989512
917463.0881758556,0.0925672594619243
931307.9679757319,0.09302325581395349
943961.8956162333,0.09347925216598267
948417.8900398389,0.09393524851801185
950380.5655609965,0.09439124487004104
963635.816348657,0.09484724122207022
968455.758782953,0.0953032375740994
975264.7503324151,0.09575923392612859
976951.4444797635,0.09621523027815777
980224.7927130982,0.09667122663018696
984222.1892336905,0.09712722298221614
988216.6904231608,0.09758321933424532
989790.9369668141,0.09803921568627451
1000437.2817613184,0.09849521203830369
1030418.4362935424,0.09895120839033288
1038067.068751663,0.09940720474236206
1042331.9179075956,0.09986320109439124
1045371.5283257738,0.10031919744642043
1071570.1171125285,0.10077519379844961
1071812.4010876715,0.1012311901504788
1072269.350847073,0.10168718650250798
1082988.8022066262,0.10214318285453716
1084193.9461742789,0.10259917920656635
1084418.9582647886,0.10305517555859553
1092716.117578119,0.10351117191062471
1095313.3310143352,0.1039671682626539
1098553.710455589,0.10442316461468308
1112520.0853355825,0.10487916096671226
1131018.3359337896,0.10533515731874145
1136639.668233415,0.10579115367077063
1144427.506025046,0.10624715002279982
1154336.394180864,0.106703146374829
1159425.0624160506,0.10715914272685818
1164551.250194192,0.10761513907888737
1166119.6460119076,0.10807113543091655
1192179.8812066019,0.10852713178294573
1200826.674786523,0.10898312813497492
1204634.9218176603,0.1094391244870041
1206427.030288659,0.10989512083903329
1237317.2343114782,0.11035111719106247
1245276.4905780256,0.11080711354309165
1245653.4928598106,0.11126310989512084
1257041.3593564332,0.11171910624715002
1258536.030084312,0.1121751025991792
1268557.596044287,0.11263109895120839
1284149.6810720637,0.11308709530323757
1289242.499501586,0.11354309165526676
1290702.6693277955,0.11399908800729594
1301812.021518439,0.11445508435932512
1306475.4951240309,0.11491108071135431
1306813.7606256753,0.11536707706338349
1315189.6095563173,0.11582307341541268
1318391.1166158915,0.11627906976744186
1325563.8698720932,0.11673506611947104
1326462.1493287086,0.11719106247150023
1328709.5618230477,0.11764705882352941
1330446.292709969,0.1181030551755586
1332651.7941682935,0.11855905152758778
1338713.678809464,0.11901504787961696
1341436.812691629,0.11947104423164615
1345094.2946425825,0.11992704058367533
1346156.6718740314,0.12038303693570451
1347356.3245160505,0.1208390332877337
1348783.6834939718,0.12129502963976288
1353528.5111425668,0.12175102599179206
1359966.2217254043,0.12220702234382125
1366587.5454695784,0.12266301869585043
1369121.801953856,0.12311901504787962
1371094.9519115388,0.1235750113999088
1377758.9881856441,0.12403100775193798
1380262.0055522174,0.12448700410396717
1380663.6549374163,0.12494300045599635
1381877.6301838458,0.12539899680802552
1389716.167525977,0.12585499316005472
1392617.6365934834,0.12631098951208392
1399196.5908016413,0.1267669858641131
1399940.619348444,0.12722298221614226
1400946.4954684116,0.12767897856817145
1411877.4586799704,0.12813497492020065
1414087.6111865342,0.12859097127222985
1422658.7041355,0.129046967624259
1424461.0375920832,0.1295029639762882
1430866.1545710862,0.12995896032831739
1432433.291802466,0.13041495668034658
1438722.3210830316,0.13087095303237573
1443255.1201805081,0.13132694938440492
1444958.1495330036,0.13178294573643412
1445088.7668949962,0.13223894208846332
1445701.9689755142,0.13269493844049246
1452159.7831021845,0.13315093479252166
1454982.6227043867,0.13360693114455086
1459886.7088394314,0.13406292749658005
1464686.1113262773,0.1345189238486092
1465546.0386430472,0.1349749202006384
1475862.584480971,0.1354309165526676
1482792.4703537077,0.1358869129046968
1512505.6142317094,0.13634290925672593
1527264.9053766392,0.13679890560875513
1530457.7054224312,0.13725490196078433
1531374.0491401441,0.13771089831281352
1552217.8220648766,0.13816689466484267
1555967.2618582025,0.13862289101687186
1588641.755650282,0.13907888736890106
1594637.3448435366,0.13953488372093026
1608043.2884005383,0.1399908800729594
1618006.6645189226,0.1404468764249886
1634267.712676797,0.1409028727770178
1656993.805437386,0.141358869129047
1658525.4511284009,0.14181486548107614
1658620.3059549704,0.14227086183310533
1666281.9037788957,0.14272685818513453
1675322.9166752584,0.14318285453716373
1676636.8618482351,0.14363885088919287
1681682.1110458523,0.14409484724122207
1685203.4776513875,0.14455084359325127
1686194.9977810532,0.14500683994528046
1697283.1645011902,0.1454628362973096
1707775.840070784,0.1459188326493388
1721400.1955326423,0.146374829001368
1723475.9999816418,0.1468308253533972
1735997.4248026013,0.14728682170542634
1738564.316222921,0.14774281805745554
1746006.0921566486,0.14819881440948474
1751461.3361249864,0.14865481076151393
1813066.0752527118,0.14911080711354308
1838694.9858775586,0.14956680346557227
1843156.5582054555,0.15002279981760147
1847883.3780401498,0.15047879616963067
1849237.6482666545,0.1509347925216598
1853633.8831132948,0.151390788873689
1859396.748665452,0.1518467852257182
1874218.3703363389,0.1523027815777474
1890521.64415285,0.15275877792977655
1903971.0563499779,0.15321477428180574
1904675.959973365,0.15367077063383494
1915371.9031278193,0.15412676698586414
1920106.6965064295,0.15458276333789328
1935026.0903171897,0.15503875968992248
1941907.2492996454,0.15549475604195168
1952042.729476571,0.15595075239398087
1958729.6976445615,0.15640674874601002
1960595.735949859,0.1568627450980392
1967697.0993046127,0.1573187414500684
1969949.4830346853,0.1577747378020976
1974962.1252980288,0.15823073415412675
1976520.2859397605,0.15868673050615595
1979317.6384710781,0.15914272685818515
2015361.3237328343,0.15959872321021434
2018500.1618686486,0.16005471956224349
2025045.7612704188,0.16051071591427268
2028291.1848452985,0.16096671226630188
2028385.503230244,0.16142270861833108
2042943.1676501334,0.16187870497036022
2051721.7119624168,0.16233470132238942
2059938.3178402781,0.16279069767441862
2076818.644412674,0.16324669402644781
2088797.4938584976,0.16370269037847696
2107818.892168194,0.16415868673050615
2121424.0957202017,0.16461468308253535
2126739.3106541038,0.16507067943456455
2127000.8831575215,0.1655266757865937
2154211.0807473324,0.1659826721386229
2158243.0869558435,0.1664386684906521
2167234.3232131004,0.16689466484268128
2176659.253132507,0.16735066119471043
2178975.9075784683,0.16780665754673962
2204763.966030404,0.16826265389876882
2229102.941609025,0.16871865025079802
2258095.4988534115,0.16917464660282716
2278450.6709278226,0.16963064295485636
2295374.988880072,0.17008663930688556
2303163.110635668,0.17054263565891475
2305845.096864432,0.1709986320109439
2318380.9547336902,0.1714546283629731
2369895.3998745084,0.1719106247150023
2369940.8815808594,0.1723666210670315
2394127.367244035,0.17282261741906063
2398421.8009224534,0.17327861377108983
2401505.5442121904,0.17373461012311903
2409244.1810129806,0.17419060647514822
2409724.784590006,0.17464660282717737
2419981.60923741,0.17510259917920656
2420156.7805951945,0.17555859553123576
2425299.768579513,0.17601459188326496
2471239.639362648,0.1764705882352941
2483892.0693161786,0.1769265845873233
2490863.1957645845,0.1773825809393525
2495410.0913372543,0.1778385772913817
2500554.9206784815,0.17829457364341084
2510640.6279240027,0.17875056999544003
2553960.2499966323,0.17920656634746923
2572797.7953334637,0.17966256269949843
2599769.9931719527,0.18011855905152757
2618222.553817548,0.18057455540355677
2620757.3847967237,0.18103055175558597
2620817.2655230705,0.18148654810761516
2624448.8730062842,0.1819425444596443
2634063.3602460623,0.1823985408116735
2654410.0885953587,0.1828545371637027
2656765.468062576,0.1833105335157319
2661158.4755206406,0.18376652986776104
2671132.4905978777,0.18422252621979024
2691229.310378449,0.18467852257181944
2711414.9415993635,0.18513451892384863
2730865.9227840602,0.18559051527587778
2754868.3362808283,0.18604651162790697
2773497.438085884,0.18650250797993617
2775267.8927198946,0.18695850433196537
2783413.7136537656,0.1874145006839945
2792795.1202014983,0.1878704970360237
2809479.032991549,0.1883264933880529
2840809.5946832597,0.1887824897400821
2845793.238660693,0.18923848609211125
2848608.9003174603,0.18969448244414044
2849722.290211851,0.19015047879616964
2850899.4423108995,0.19060647514819884
2870073.4737320542,0.19106247150022798
2888896.8914621603,0.19151846785225718
2889269.6493385434,0.19197446420428638
2892588.8972553164,0.19243046055631557
2894929.2937702537,0.19288645690834472
2901556.4237138033,0.19334245326037391
2904342.2317335904,0.1937984496124031
2908630.543334082,0.1942544459644323
2909499.847829342,0.19471044231646145
2910610.0131191313,0.19516643866849065
2918737.9917333275,0.19562243502051985
2921069.191484913,0.19607843137254904
2932037.152849255,0.1965344277245782
2944031.7007574625,0.19699042407660738
2949070.603370549,0.19744642042863658
2959286.3487540483,0.19790241678066578
2966433.0314807333,0.19835841313269492
2981780.3155007996,0.19881440948472412
2999375.7354447097,0.19927040583675332
3015299.754472142,0.19972640218878251
3017859.6257828176,0.20018239854081166
3024026.1396785676,0.20063839489284085
3034565.5827005506,0.20109439124487005
3048965.544690253,0.20155038759689925
3053684.9250348806,0.2020063839489284
3053745.1012193244,0.2024623803009576
3064186.514380336,0.2029183766529868
3066262.1286455393,0.20337437300501598
3086238.8305979334,0.20383036935704513
3088592.427871678,0.20428636570907432
3089511.4385392964,0.20474236206110352
3092262.5812020935,0.20519835841313272
3093870.949859053,0.20565435476516186
3102889.5163199883,0.20611035111719106
3108067.6819428205,0.20656634746922026
3144241.909237385,0.20702234382124945
3150813.0868322253,0.2074783401732786
3155156.2475084364,0.2079343365253078
3158312.5652629137,0.208390332877337
3160891.4936049283,0.2088463292293662
3165159.6138842255,0.20930232558139533
3203502.0857195556,0.20975832193342453
3231874.9993370418,0.21021431828545373
3241743.5312708504,0.21067031463748292
3245546.4836924076,0.21112631098951207
3270386.4226044416,0.21158230734154126
3270461.84207784,0.21203830369357046
3278495.820106715,0.21249430004559966
3285936.5661560446,0.2129502963976288
3286408.93048054,0.213406292749658
3295125.3452919126,0.2138622891016872
3298405.4488103986,0.2143182854537164
3302844.513186518,0.21477428180574554
3309180.955831319,0.21523027815777473
3324002.483744938,0.21568627450980393
3338767.141182527,0.21614227086183313
3340995.4805568755,0.21659826721386227
3344424.1115632057,0.21705426356589147
3399938.8807293028,0.21751025991792067
3404160.4375517685,0.21796625626994987
3429144.7709037364,0.218422252621979
3430636.8886671364,0.2188782489740082
3447305.726340443,0.2193342453260374
3448116.779734522,0.2197902416780666
3453005.4232504666,0.22024623803009574
3455548.4208262265,0.22070223438212494
3464399.7425746396,0.22115823073415414
3476406.3538204283,0.22161422708618334
3477742.6203254163,0.22207022343821248
3486104.9680510163,0.22252621979024167
3499205.894190401,0.22298221614227087
3502143.942232989,0.22343821249430007
3516766.6965233386,0.2238942088463292
3518701.646963503,0.2243502051983584
3533077.539929306,0.2248062015503876
3536981.786409408,0.2252621979024168
3542768.861900553,0.22571819425444595
3543575.2189603113,0.22617419060647515
3558979.426146537,0.22663018695850434
3567049.981411487,0.22708618331053354
3570121.5083190054,0.22754217966256268
3590795.8628544807,0.22799817601459188
3598101.2895332575,0.22845417236662108
3601581.1021933407,0.22891016871865028
3601897.513213843,0.22936616507067942
3607362.9185715616,0.22982216142270862
3609912.060253337,0.2302781577747378
3611898.721721202,0.230734154126767
3613253.0058511347,0.23119015047879615
3614520.9663680065,0.23164614683082535
3618176.2031100392,0.23210214318285455
3628880.7575547695,0.23255813953488375
3632175.4620458,0.2330141358869129
3633081.6566132307,0.23347013223894209
3637481.3334740847,0.23392612859097128
3638735.260224782,0.23438212494300048
3662185.260455787,0.23483812129502962
3682312.6600432172,0.23529411764705882
3683038.3101212084,0.23575011399908802
3692081.2370777577,0.23620611035111722
3703949.5002906304,0.23666210670314636
3718113.153885588,0.23711810305517556
3721958.62579038,0.23757409940720475
3724058.8287247717,0.23803009575923395
3759635.524253249,0.2384860921112631
3759685.6126405746,0.2389420884632923
3768474.100159973,0.2393980848153215
3778243.498651646,0.23985408116735069
3782150.683724005,0.24031007751937983
3795291.3557916284,0.24076607387140903
3801343.8526141047,0.24122207022343822
3803156.10392946,0.24167806657546742
3818360.045751542,0.24213406292749656
3834086.032121286,0.24259005927952576
3841817.9371142387,0.24304605563155496
3842327.522342846,0.24350205198358416
3843939.772620335,0.2439580483356133
3850928.048612222,0.2444140446876425
3855149.6001604646,0.2448700410396717
3882264.597703904,0.2453260373917009
3887707.240463376,0.24578203374373003
3893649.902960535,0.24623803009575923
3903138.550603563,0.24669402644778843
3918205.43316108,0.24715002279981763
3934774.488929391,0.24760601915184677
3948881.028888326,0.24806201550387597
3950778.890156746,0.24851801185590516
3952375.1924496815,0.24897400820793436
3953287.148274392,0.2494300045599635
3961181.204898758,0.2498860009119927
3961608.166940611,0.2503419972640219
3962188.3787285388,0.2507979936160511
3963102.9510422163,0.25125398996808024
3966266.3763400316,0.25170998632010944
3983979.2524514943,0.25216598267213863
4013640.105956495,0.25262197902416783
4019764.397350073,0.25307797537619703
4020812.458197331,0.25353397172822617
4024580.064652594,0.25398996808025537
4027786.032562567,0.25444596443228457
4032965.449050756,0.2549019607843137
4052875.783416733,0.2553579571363429
4068908.9400672615,0.2558139534883721
4081076.242531687,0.2562699498404013
4094158.6600622535,0.2567259461924305
4094202.4945487976,0.25718194254445964
4096870.0753639378,0.25763793889648884
4114613.398327969,0.25809393524851804
4116163.617307227,0.2585499316005472
4116776.346655125,0.2590059279525764
4121606.771708714,0.2594619243046056
4122126.760972962,0.25991792065663477
4125937.684529742,0.26037391700866397
4140331.7762756497,0.2608299133606931
4140699.032234609,0.2612859097127223
4142451.63369897,0.2617419060647515
4161766.106577091,0.26219790241678065
4179510.9969043992,0.26265389876880985
4189767.345676869,0.26310989512083904
4193219.2303516846,0.26356589147286824
4210144.614514291,0.26402188782489744
4215509.234058183,0.2644778841769266
4269468.229917912,0.2649338805289558
4280067.38579458,0.265389876880985
4288821.358517915,0.2658458732330141
4307293.03604275,0.2663018695850433
4312617.735101566,0.2667578659370725
4347248.477932334,0.2672138622891017
4348628.204872802,0.2676698586411309
4362653.029014707,0.26812585499316005
4371959.169083506,0.26858185134518925
4409225.071275771,0.26903784769721845
4419883.956062913,0.2694938440492476
4448887.173265427,0.2699498404012768
4469228.925698992,0.270405836753306
4489651.301830843,0.2708618331053352
4506189.078312304,0.2713178294573644
4514346.142348804,0.2717738258093935
4520550.243997723,0.2722298221614227
4540294.576678485,0.2726858185134519
4561894.947491318,0.27314181486548106
4562828.3521320075,0.27359781121751026
4563187.096038073,0.27405380756953945
4567724.300256811,0.27450980392156865
4569013.700607836,0.27496580027359785
4569157.380179942,0.275421796625627
4570420.942058235,0.2758777929776562
4587082.206519663,0.2763337893296854
4611670.0113179535,0.27678978568171453
4612928.754865473,0.2772457820337437
4615065.704934269,0.2777017783857729
4620482.330347538,0.2781577747378021
4626141.094787449,0.2786137710898313
4643452.287813991,0.27906976744186046
4644866.599577576,0.27952576379388966
4645200.403917402,0.27998176014591886
4664736.397736296,0.280437756497948
4671066.981752289,0.2808937528499772
4678888.451279193,0.2813497492020064
4684294.5964476615,0.2818057455540356
4686153.210215617,0.2822617419060648
4690632.213530004,0.28271773825809393
4691804.571681386,0.28317373461012313
4693915.800931498,0.2836297309621523
4699483.102779843,0.28408572731418147
4700318.298513502,0.28454172366621067
4722398.556800574,0.28499772001823986
4731033.5674331635,0.28545371637026906
4736492.788071275,0.28590971272229826
4738281.138053268,0.2863657090743274
4743269.10567373,0.2868217054263566
4749654.674313754,0.2872777017783858
4767443.594378725,0.28773369813041494
4774629.677274793,0.28818969448244414
4787037.150991172,0.28864569083447333
4787186.074371576,0.28910168718650253
4791669.559304379,0.28955768353853173
4797388.65378055,0.29001367989056087
4802378.984463979,0.29046967624259007
4820744.565712199,0.29092567259461927
4844941.052577853,0.2913816689466484
4858359.977858722,0.2918376652986776
4865899.021397408,0.2922936616507068
4868296.357239082,0.292749658002736
4913672.296997875,0.2932056543547652
4926750.625167385,0.29366165070679434
4952080.37664701,0.29411764705882354
4953630.737506151,0.29457364341085274
4970977.076557517,0.2950296397628819
4976248.967058599,0.2954856361149111
4977036.981014937,0.2959416324669403
4981357.898843899,0.29639762881896947
4982674.631178886,0.29685362517099867
4993100.314279843,0.2973096215230278
5004984.6943139285,0.297765617875057
5012292.733776361,0.2982216142270862
5032893.872867208,0.29867761057911535
5033282.891993232,0.29913360693114455
5050832.755470857,0.29958960328317374
5054086.123609781,0.30004559963520294
5072566.3185296,0.30050159598723214
5101540.654557735,0.3009575923392613
5107733.941777952,0.3014135886912905
5108536.654080972,0.3018695850433197
5117718.324516416,0.3023255813953488
5122148.61038658,0.302781577747378
5128646.118422613,0.3032375740994072
5131590.902130032,0.3036935704514364
5133475.201156829,0.3041495668034656
5144933.803176314,0.30460556315549475
5159420.192989513,0.30506155950752395
5168751.193200465,0.30551755585955315
5179914.7121693045,0.3059735522115823
5185854.5494402945,0.3064295485636115
5191288.117485583,0.3068855449156407
5202828.101165907,0.3073415412676699
5206006.616466224,0.3077975376196991
5210821.337430954,0.3082535339717282
5224478.588783115,0.3087095303237574
5249285.921130478,0.3091655266757866
5254401.359498888,0.30962152302781576
5260611.826332202,0.31007751937984496
5261567.125752181,0.31053351573187415
5262901.706277221,0.31098951208390335
5273136.469407767,0.31144550843593255
5283714.361192621,0.3119015047879617
5289117.734122604,0.3123575011399909
5304204.578401431,0.3128134974920201
5305875.644251689,0.31326949384404923
5310530.417921856,0.3137254901960784
5315057.061894029,0.3141814865481076
5318132.955189228,0.3146374829001368
5318330.801572144,0.315093479252166
5327396.948929131,0.31554947560419516
5329012.399674803,0.31600547195622436
5341817.424435258,0.31646146830825356
5348454.333405033,0.3169174646602827
5355224.168131243,0.3173734610123119
5357721.706441313,0.3178294573643411
5369624.941178467,0.3182854537163703
5369783.552731335,0.3187414500683995
5391981.458719686,0.31919744642042863
5399269.9176044315,0.31965344277245783
5399589.112739116,0.320109439124487
5413172.368732505,0.32056543547651617
5426099.861122131,0.32102143182854537
5427973.975628823,0.32147742818057456
5438815.303227887,0.32193342453260376
5441603.284369633,0.32238942088463296
5463054.597870976,0.3228454172366621
5470195.822698377,0.3233014135886913
5471486.043855045,0.3237574099407205
5479384.310301214,0.32421340629274964
5494541.778826505,0.32466940264477884
5507049.786614239,0.32512539899680803
5509938.892308742,0.32558139534883723
5517675.150187373,0.32603739170086643
5528385.891936764,0.3264933880528956
5530605.737059772,0.32694938440492477
5572518.519877419,0.32740538075695397
5577982.521761417,0.3278613771089831
5585466.642668888,0.3283173734610123
5596650.02219516,0.3287733698130415
5600967.874769896,0.3292293661650707
5637503.080011502,0.3296853625170999
5641914.780924875,0.33014135886912904
5671608.108219668,0.33059735522115824
5671932.213851757,0.33105335157318744
5681731.378685437,0.3315093479252166
5684556.030182719,0.3319653442772458
5686719.829729125,0.332421340629275
5687103.69811511,0.3328773369813042
5693423.080085885,0.33333333333333337
5702683.487788074,0.3337893296853625
5715020.893588856,0.3342453260373917
5716587.844967768,0.3347013223894209
5733690.954250157,0.33515731874145005
5733842.707604468,0.33561331509347925
5744199.918898433,0.33606931144550845
5759534.99176335,0.33652530779753764
5765924.387427896,0.33698130414956684
5783434.24584645,0.337437300501596
5787235.092360809,0.3378932968536252
5795520.553523913,0.3383492932056544
5805081.737382799,0.3388052895576835
5808203.153663058,0.3392612859097127
5812377.250283055,0.3397172822617419
5812532.228890717,0.3401732786137711
5828486.940380488,0.3406292749658003
5830182.878911585,0.34108527131782945
5830611.619339764,0.34154126766985865
5832345.6517736465,0.34199726402188785
5852047.930419803,0.342453260373917
5854475.314338457,0.3429092567259462
5869549.055679232,0.3433652530779754
5872682.193474352,0.3438212494300046
5895926.6982109845,0.3442772457820338
5905268.017180622,0.3447332421340629
5928582.394614328,0.3451892384860921
5941164.777140006,0.3456452348381213
5942988.264338389,0.34610123119015046
5955424.0451312885,0.34655722754217966
5957664.307338536,0.34701322389420886
5968206.178444952,0.34746922024623805
5971397.642783821,0.34792521659826725
5974455.927500159,0.3483812129502964
5974813.455340281,0.3488372093023256
5984022.641805768,0.3492932056543548
5984896.64139583,0.34974920200638393
6003725.7110541165,0.35020519835841313
6009468.37610653,0.3506611947104423
6027706.089980811,0.3511171910624715
6027751.768102676,0.3515731874145007
6045535.7166816,0.35202918376652986
6045585.538719952,0.35248518011855906
6047177.026502132,0.35294117647058826
6066958.435938939,0.3533971728226174
6073279.415563479,0.3538531691746466
6086067.277095616,0.3543091655266758
6096854.005071133,0.354765161878705
6109117.439486682,0.3552211582307342
6110178.601437271,0.35567715458276333
6128290.703678578,0.35613315093479253
6136644.927216595,0.35658914728682173
6169297.769795984,0.35704514363885087
6169457.238313846,0.35750113999088007
6179932.067001373,0.35795713634290927
6182045.867479444,0.35841313269493846
6182310.426898949,0.35886912904696766
6243574.753292352,0.3593251253989968
6249870.0539547205,0.359781121751026
6254456.14330858,0.3602371181030552
6259312.38977991,0.36069311445508434
6259508.733530432,0.36114911080711354
6260478.123835924,0.36160510715914274
6270488.840752542,0.36206110351117193
6288671.142526269,0.36251709986320113
6299695.619303763,0.3629730962152303
6311970.413211664,0.36342909256725947
6322262.503622711,0.36388508891928867
6340924.293218464,0.3643410852713178
6356467.182345465,0.364797081623347
6356848.708622128,0.3652530779753762
6379754.361944269,0.3657090743274054
6394206.545453146,0.3661650706794346
6404940.641223058,0.36662106703146374
6457022.740418911,0.36707706338349294
6466686.019811422,0.36753305973552214
6466902.483353689,0.3679890560875513
6468456.63138327,0.3684450524395805
6484942.1664122045,0.3689010487916097
6533210.2372792065,0.3693570451436389
6596401.4409667365,0.36981304149566807
6621401.969474435,0.3702690378476972
6623156.932263359,0.3707250341997264
6638568.0457395315,0.3711810305517556
6651341.0668616,0.37163702690378475
6661205.6045388505,0.37209302325581395
6690857.33442454,0.37254901960784315
6694937.210130908,0.37300501595987234
6704201.737312868,0.37346101231190154
6709943.941540241,0.3739170086639307
6710885.683040559,0.3743730050159599
6737965.851602733,0.3748290013679891
6755974.055751532,0.3752849977200182
6759062.30416964,0.3757409940720474
6778673.414623171,0.3761969904240766
6779171.632603779,0.3766529867761058
6786444.656631179,0.377108983128135
6819917.856989801,0.37756497948016415
6833617.400608391,0.37802097583219335
6840259.186468959,0.37847697218422255
6852423.0846854,0.3789329685362517
6867284.731073696,0.3793889648882809
6874211.956535652,0.3798449612403101
6876625.376372859,0.3803009575923393
6885021.437063636,0.3807569539443685
6885337.413292989,0.3812129502963976
6897062.392555952,0.3816689466484268
6914233.186456591,0.382124943000456
6927129.498940766,0.38258093935248516
6939003.689067971,0.38303693570451436
6947712.462343603,0.38349293205654356
6962870.439495504,0.38394892840857275
6984564.247769624,0.38440492476060195
7030423.277025868,0.3848609211126311
7040634.669166267,0.3853169174646603
7046313.701936878,0.3857729138166895
7076412.086926013,0.38622891016871863
7077520.518670052,0.38668490652074783
7082481.663907468,0.387140902872777
7087571.761126012,0.3875968992248062
7109250.374582361,0.3880528955768354
7110104.994172141,0.38850889192886456
7111806.260460973,0.38896488828089376
7128633.595557407,0.38942088463292296
7154473.517235979,0.3898768809849521
7165557.4318784475,0.3903328773369813
7174478.624121252,0.3907888736890105
7207673.526821941,0.3912448700410397
7210263.7905322015,0.3917008663930689
7214796.779019684,0.39215686274509803
7225741.947561115,0.39261285909712723
7226090.358822674,0.39306885544915643
7228166.326986117,0.39352485180118557
7236277.5695079565,0.39398084815321477
7236380.55742237,0.39443684450524397
7241821.454533637,0.39489284085727316
7248465.107932255,0.39534883720930236
7336418.0077237785,0.3958048335613315
7342598.631759822,0.3962608299133607
7368639.177109927,0.3967168262653899
7377303.595861614,0.39717282261741904
7393863.786702275,0.39762881896944824
7396136.072816849,0.39808481532147744
7406320.459458366,0.39854081167350663
7410744.317823067,0.39899680802553583
7431663.594138771,0.399452804377565
7432701.57583484,0.39990880072959417
7448611.254807249,0.40036479708162337
7450427.032527655,0.4008207934336525
7478003.9463052,0.4012767897856817
7489692.488914996,0.4017327861377109
7505427.277233899,0.4021887824897401
7533544.1683027,0.4026447788417693
7556891.613851577,0.40310077519379844
7573961.589287236,0.40355677154582764
7589298.064208657,0.40401276789785684
7592571.709042568,0.404468764249886
7595899.324693397,0.4049247606019152
7643831.460468739,0.4053807569539444
7655078.334225474,0.4058367533059736
7662521.524977684,0.40629274965800277
7673774.553394228,0.4067487460100319
7703876.22109437,0.4072047423620611
7794021.912172824,0.4076607387140903
7830158.912012219,0.40811673506611945
7831496.335501239,0.40857273141814865
7857686.416514188,0.40902872777017785
7860757.171708643,0.40948472412220704
7874568.9630408585,0.40994072047423624
7877893.534834921,0.4103967168262654
7882622.265897661,0.4108527131782946
7884553.291211814,0.4113087095303238
7900861.151749939,0.4117647058823529
7961524.745656192,0.4122207022343821
8016864.092277028,0.4126766985864113
8036285.226381183,0.4131326949384405
8057360.840110242,0.4135886912904697
8067278.394661058,0.41404468764249885
8073579.105849288,0.41450068399452805
8078034.258815974,0.41495668034655725
8094693.752212733,0.4154126766985864
8129556.932716012,0.4158686730506156
8160944.274795651,0.4163246694026448
8220104.652240016,0.416780665754674
8228499.6527971625,0.4172366621067032
8269486.581840247,0.4176926584587323
8274998.98491168,0.4181486548107615
8276821.963304877,0.4186046511627907
8284780.708507299,0.41906064751481986
8326695.588107169,0.41951664386684906
8341959.486516051,0.41997264021887826
8345648.951126069,0.42042863657090745
8355053.612768769,0.42088463292293665
8358012.288491428,0.4213406292749658
8376843.519693941,0.421796625626995
8403364.823215991,0.4222526219790242
8450622.937761396,0.42270861833105333
8468631.146005213,0.42316461468308253
8475255.882741716,0.4236206110351117
8477311.146858811,0.4240766073871409
8478812.758816332,0.4245326037391701
8479732.844213724,0.42498860009119926
8480452.226876289,0.42544459644322846
8481260.172602564,0.42590059279525766
8512573.221571837,0.4263565891472868
8537537.410564214,0.426812585499316
8584819.49647732,0.4272685818513452
8588307.03689593,0.4277245782033744
8594757.77683989,0.4281805745554036
8598102.270696923,0.42863657090743273
8619658.961761113,0.42909256725946193
8635396.035208061,0.42954856361149113
8676698.075272948,0.43000455996352027
8680244.283681363,0.43046055631554947
8702971.407095622,0.43091655266757867
8711222.432427824,0.43137254901960786
8713173.230519816,0.43182854537163706
8720653.38107115,0.4322845417236662
8731503.233830754,0.4327405380756954
8768953.971152395,0.4331965344277246
8786067.108794635,0.43365253077975374
8792262.13048847,0.43410852713178294
8794109.842326015,0.43456452348381214
8821587.466688842,0.43502051983584133
8842238.144995421,0.43547651618787053
8854834.982128115,0.4359325125398997
8857226.043041652,0.4363885088919289
8866727.764599025,0.43684450524395807
8879096.324125953,0.4373005015959872
8901139.350153506,0.4377564979480164
8914409.64899692,0.4382124943000456
8944219.387602597,0.4386684906520748
8954890.437923163,0.439124487004104
8958639.877315637,0.43958048335613314
8961454.154214604,0.44003647970816234
8963627.662081674,0.44049247606019154
8968108.39608626,0.4409484724122207
8970052.337723743,0.4414044687642499
8979043.102508485,0.4418604651162791
8981759.733969776,0.4423164614683083
9006221.400250018,0.4427724578203375
9008456.304372385,0.4432284541723666
9011993.78540957,0.4436844505243958
9022423.893687347,0.444140446876425
9027651.356352955,0.44459644322845415
9035479.134787828,0.44505243958048335
9046333.108037502,0.44550843593251255
9049980.676971406,0.44596443228454175
9081748.633896947,0.44642042863657094
9084954.213539034,0.4468764249886001
9088072.656252861,0.4473324213406293
9091905.047617331,0.4477884176926585
9092372.519247621,0.4482444140446876
9120641.880898818,0.4487004103967168
9122580.911540985,0.449156406748746
9139795.832052499,0.4496124031007752
9155668.957304895,0.4500683994528044
9190158.88975865,0.45052439580483356
9192701.134990178,0.45098039215686275
9238552.454583496,0.45143638850889195
9268950.4054797,0.4518923848609211
9270450.31559883,0.4523483812129503
9276759.32478664,0.4528043775649795
9278455.498210724,0.4532603739170087
9279344.446524426,0.4537163702690379
9281966.677267805,0.454172366621067
9282789.862914562,0.4546283629730962
9282803.923146755,0.4550843593251254
9283987.47415647,0.45554035567715456
9302517.935709462,0.45599635202918376
9309434.586321473,0.45645234838121296
9326580.622980505,0.45690834473324216
9343735.071736723,0.45736434108527135
9376989.368222542,0.4578203374373005
9402965.575526237,0.4582763337893297
9410738.436336339,0.4587323301413589
9435131.511017457,0.45918832649338803
9438208.608225435,0.45964432284541723
9484367.048921853,0.46010031919744643
9523613.212374628,0.4605563155494756
9542189.936050951,0.4610123119015048
9545615.106161445,0.46146830825353397
9582338.255915165,0.46192430460556316
9584456.229065876,0.46238030095759236
9589052.085081387,0.4628362973096215
9593667.217133373,0.4632922936616507
9639983.37411347,0.4637482900136799
9672855.212444022,0.4642042863657091
9698801.339794923,0.4646602827177383
9713142.107188344,0.46511627906976744
9772344.19009465,0.46557227542179663
9778273.228416622,0.46602827177382583
9795441.512319893,0.466484268125855
9796685.745843548,0.46694026447788417
9827078.722475708,0.46739626082991337
9841324.131768264,0.46785225718194257
9859932.317539632,0.46830825353397176
9917677.81568122,0.4687642498860009
9918388.66513215,0.4692202462380301
9948715.49020721,0.4696762425900593
9996183.917815927,0.47013223894208844
10018679.825083435,0.47058823529411764
10056778.549877763,0.47104423164614684
10102465.241290689,0.47150022799817604
10106015.575615315,0.47195622435020523
10118141.590079337,0.4724122207022344
10149592.060715988,0.4728682170542636
10232521.284180567,0.47332421340629277
10266314.707172215,0.4737802097583219
10276738.93254435,0.4742362061103511
10298562.311191946,0.4746922024623803
10301222.563730478,0.4751481988144095
10360001.674358994,0.4756041951664387
10367092.246943295,0.47606019151846785
10506334.819664717,0.47651618787049704
10531138.394726,0.47697218422252624
10543391.466876373,0.4774281805745554
10561411.037898758,0.4778841769265846
10610227.573714565,0.4783401732786138
10631011.695401847,0.478796169630643
10641579.714053407,0.4792521659826722
10662942.312175184,0.4797081623347013
10676515.25109414,0.4801641586867305
10679398.989629537,0.4806201550387597
10740503.554697186,0.48107615139078885
10744223.59940843,0.48153214774281805
10767009.900149316,0.48198814409484725
10771600.313564524,0.48244414044687645
10854997.731257677,0.48290013679890564
10878856.366263613,0.4833561331509348
10924555.092263684,0.483812129502964
10933097.40411637,0.4842681258549932
10940311.010643765,0.4847241222070223
10962887.776567325,0.4851801185590515
10984071.765519196,0.4856361149110807
11008770.275450878,0.4860921112631099
11015887.364386596,0.4865481076151391
11040786.158040166,0.48700410396716826
11046361.403032094,0.48746010031919745
11101569.198865235,0.48791609667122665
11129465.699514315,0.4883720930232558
11154191.295612156,0.488828089375285
11163505.138142526,0.4892840857273142
11168774.299061537,0.4897400820793434
11192367.552835673,0.4901960784313726
11245667.767243594,0.4906520747834017
11251081.072893435,0.4911080711354309
11262104.84982764,0.4915640674874601
11283364.236531466,0.49202006383948926
11294074.939974055,0.49247606019151846
11308554.832996368,0.49293205654354766
11337824.879919395,0.49338805289557686
11387581.103525728,0.49384404924760605
11397894.73340486,0.4943000455996352
11404512.694118217,0.4947560419516644
11420661.390875887,0.4952120383036936
11466784.256818116,0.49566803465572273
11522314.547352623,0.49612403100775193
11530927.172290638,0.49658002735978113
11535344.153887078,0.4970360237118103
11552378.220349826,0.4974920200638395
11614762.08849603,0.49794801641586867
11677672.046808988,0.49840401276789786
11693377.408163086,0.49886000911992706
11708377.842503548,0.4993160054719562
11737651.310699202,0.4997720018239854
11756443.769385576,0.5002279981760146
11815130.452681368,0.5006839945280438
11831406.451544538,0.501139990880073
11849990.784239873,0.5015959872321022
11860933.32469067,0.5020519835841313
11880439.941834092,0.5025079799361605
11962286.561604083,0.5029639762881897
11962977.681238115,0.5034199726402189
12014764.041640658,0.5038759689922481
12083999.178291112,0.5043319653442773
12094968.07244265,0.5047879616963065
12101344.130720498,0.5052439580483357
12129396.215214327,0.5056999544003649
12130615.27329424,0.506155950752394
12170909.916619714,0.5066119471044231
12181723.48825141,0.5070679434564523
12189498.219152417,0.5075239398084815
12217252.51489371,0.5079799361605107
12220575.140811995,0.5084359325125399
12251884.039103687,0.5088919288645691
12265767.046812184,0.5093479252165982
12268129.368798237,0.5098039215686274
12292244.585840434,0.5102599179206566
12295352.847264111,0.5107159142726858
12313419.471839815,0.511171910624715
12336445.567528695,0.5116279069767442
12347254.877340496,0.5120839033287734
12374160.043616258,0.5125398996808026
12387360.914614677,0.5129958960328318
12406974.147246182,0.5134518923848609
12431968.130167902,0.5139078887368901
12433549.884469189,0.5143638850889193
12444467.339532685,0.5148198814409485
12528644.447154388,0.5152758777929777
12545749.585145094,0.5157318741450069
12572317.196185103,0.5161878704970361
12583257.522172973,0.5166438668490652
12594730.459227312,0.5170998632010944
12644403.71161982,0.5175558595531236
12671990.306909531,0.5180118559051528
12677788.780830577,0.518467852257182
12726556.816849608,0.5189238486092111
12726805.158711992,0.5193798449612403
12731534.743389785,0.5198358413132695
12842192.329520375,0.5202918376652987
12887481.304268066,0.5207478340173278
12906750.749447256,0.521203830369357
12912993.641156256,0.5216598267213862
12947843.300124243,0.5221158230734154
12962634.720450506,0.5225718194254446
12983730.79259026,0.5230278157774738
12992004.352064012,0.523483812129503
12993813.568134487,0.5239398084815321
13015690.174567368,0.5243958048335613
13019637.600491941,0.5248518011855905
13024491.224536523,0.5253077975376197
13044834.380283654,0.5257637938896489
13060269.910180494,0.5262197902416781
13067280.302479833,0.5266757865937073
13069146.208180588,0.5271317829457365
13072177.175069109,0.5275877792977657
13146729.419307262,0.5280437756497948
13151762.403506637,0.528499772001824
13194465.515939161,0.5289557683538532
13212674.523304164,0.5294117647058824
13229143.923392229,0.5298677610579116
13259025.528322697,0.5303237574099408
13270037.81175521,0.53077975376197
13272547.382831752,0.531235750113999
13289922.025470138,0.5316917464660282
13297695.106863037,0.5321477428180574
13317020.720381165,0.5326037391700866
13340053.937811762,0.5330597355221158
13454392.880901188,0.533515731874145
13478492.683986679,0.5339717282261742
13550662.6095308,0.5344277245782034
13567750.44013846,0.5348837209302326
13587988.455945566,0.5353397172822617
13623094.637441289,0.5357957136342909
13711634.113208786,0.5362517099863201
13738616.617431298,0.5367077063383493
13751341.224352242,0.5371637026903785
13827925.02970907,0.5376196990424077
13865602.58951959,0.5380756953944369
13899535.42331925,0.538531691746466
13907641.39031735,0.5389876880984952
13965327.812953338,0.5394436844505244
13966473.505617827,0.5398996808025536
14011995.73674345,0.5403556771545828
14040250.782133296,0.540811673506612
14040991.257842153,0.5412676698586412
14054145.265919968,0.5417236662106704
14080421.729851872,0.5421796625626996
14083214.994350404,0.5426356589147286
14175657.926269606,0.5430916552667578
14209227.540824443,0.543547651618787
14376327.524678528,0.5440036479708162
14411687.08857859,0.5444596443228454
14427294.580455676,0.5449156406748746
14432491.677645773,0.5453716370269038
14450630.299045503,0.5458276333789329
14618981.980046004,0.5462836297309621
14682730.728001773,0.5467396260829913
14697684.198132128,0.5471956224350205
14716347.207188293,0.5476516187870497
14721127.602202222,0.5481076151390789
14754766.910303518,0.5485636114911081
14869084.666819086,0.5490196078431373
15070615.511720698,0.5494756041951665
15079525.789213687,0.5499316005471956
15101400.489431992,0.5503875968992248
15186655.783966288,0.550843593251254
15197105.427888498,0.5512995896032832
15203753.410463654,0.5517555859553124
15263597.898600258,0.5522115823073416
15415287.54827717,0.5526675786593708
15683267.378678158,0.5531235750113999
15693550.79827848,0.5535795713634291
15707379.831816196,0.5540355677154583
15785424.886700816,0.5544915640674875
15798066.593495946,0.5549475604195167
15805785.412235677,0.5554035567715458
15820914.066196546,0.555859553123575
15874919.42934458,0.5563155494756042
15902942.075688422,0.5567715458276334
15942632.855399705,0.5572275421796625
15952824.379514545,0.5576835385316917
16027162.111274213,0.5581395348837209
16055301.866213277,0.5585955312357501
16089078.65327239,0.5590515275877793
16128401.168237902,0.5595075239398085
16147551.23060289,0.5599635202918377
16150466.215397388,0.5604195166438668
16220624.915183336,0.560875512995896
16259738.894298464,0.5613315093479252
16318091.324412584,0.5617875056999544
16343848.953757972,0.5622435020519836
16347818.601743966,0.5626994984040128
16613661.324097767,0.563155494756042
16687769.987242714,0.5636114911080712
16713383.935201555,0.5640674874601004
16873323.469627067,0.5645234838121295
16906072.255472712,0.5649794801641587
16910902.29014346,0.5654354765161879
16915008.830764756,0.5658914728682171
16917970.75280352,0.5663474692202463
16928633.905479148,0.5668034655722755
17080837.57962653,0.5672594619243047
17106381.671054564,0.5677154582763337
17180044.608734563,0.5681714546283629
17249072.122751296,0.5686274509803921
17268404.12816061,0.5690834473324213
17309336.78556949,0.5695394436844505
17367032.108947918,0.5699954400364797
17383183.64480997,0.5704514363885089
17388735.35824552,0.5709074327405381
17402604.579660058,0.5713634290925673
17457123.64197917,0.5718194254445964
17497268.7581816,0.5722754217966256
17545573.246924322,0.5727314181486548
17567986.41107571,0.573187414500684
17672817.528273016,0.5736434108527132
17687768.27861862,0.5740994072047424
17767313.72600151,0.5745554035567716
17826359.422228128,0.5750113999088007
17829807.831887946,0.5754673962608299
17892590.57348974,0.5759233926128591
17960171.1096569,0.5763793889648883
18036372.564649165,0.5768353853169175
18058149.817734018,0.5772913816689467
18089270.59259948,0.5777473780209759
18117155.23483619,0.5782033743730051
18151627.194315016,0.5786593707250343
18184033.348072715,0.5791153670770633
18244055.538401604,0.5795713634290925
18265814.2674547,0.5800273597811217
18320034.914277032,0.5804833561331509
18368403.18438615,0.5809393524851801
18411711.64847809,0.5813953488372093
18514843.61384748,0.5818513451892385
18533096.588910565,0.5823073415412676
18643968.437722027,0.5827633378932968
18792001.663619485,0.583219334245326
18868366.39146495,0.5836753305973552
18892840.880437568,0.5841313269493844
18938524.851363927,0.5845873233014136
19153961.81239699,0.5850433196534428
19184546.96476105,0.585499316005472
19196805.33146879,0.5859553123575012
19201287.201276734,0.5864113087095303
19227329.635988697,0.5868673050615595
19302681.51320435,0.5873233014135887
19395179.5943508,0.5877792977656179
19471834.979429685,0.5882352941176471
19535444.152403906,0.5886912904696763
19564921.19793444,0.5891472868217055
19595914.215006202,0.5896032831737346
19599152.934212103,0.5900592795257638
19599802.709736913,0.590515275877793
19599981.277520567,0.5909712722298222
19609642.554391548,0.5914272685818514
19837649.216234032,0.5918832649338805
19876092.34121202,0.5923392612859097
19884301.57132791,0.5927952576379389
19891270.218529165,0.5932512539899681
19959843.32968974,0.5937072503419972
19965952.79445599,0.5941632466940264
19994808.27151078,0.5946192430460556
20031895.11844659,0.5950752393980848
20119121.862817436,0.595531235750114
20167902.917018652,0.5959872321021432
20188020.262989283,0.5964432284541724
20225208.973097578,0.5968992248062015
20269918.372013763,0.5973552211582307
20375203.851978466,0.5978112175102599
20387518.929925434,0.5982672138622891
20425723.540218383,0.5987232102143183
20436925.376781434,0.5991792065663475
20535328.83345595,0.5996352029183767
20554038.61825815,0.6000911992704059
20571866.319187306,0.6005471956224351
20575677.163366288,0.6010031919744642
20598694.968905628,0.6014591883264934
20624119.46223104,0.6019151846785226
20634188.041382343,0.6023711810305518
20773287.714583874,0.602827177382581
20786218.771729723,0.6032831737346102
20876226.963044703,0.6037391700866394
20961323.575618044,0.6041951664386684
20985249.849729538,0.6046511627906976
21120584.791281193,0.6051071591427268
21124606.358108565,0.605563155494756
21131710.453901038,0.6060191518467852
21149844.161120966,0.6064751481988144
21153474.922910534,0.6069311445508436
21154581.59769454,0.6073871409028728
21191347.63235332,0.607843137254902
21196644.290244564,0.6082991336069311
21204748.894968748,0.6087551299589603
21271707.26722361,0.6092111263109895
21320209.355192915,0.6096671226630187
21392581.906540185,0.6101231190150479
21428229.347003058,0.6105791153670771
21539478.717403993,0.6110351117191063
21612672.61503449,0.6114911080711354
21740178.784663796,0.6119471044231646
21770279.55173309,0.6124031007751938
21800006.606891915,0.612859097127223
21924485.128557995,0.6133150934792522
21930446.209836647,0.6137710898312814
21947971.74535916,0.6142270861833106
21972321.833173454,0.6146830825353398
21989930.736902848,0.615139078887369
22053238.559200913,0.615595075239398
22085880.81977804,0.6160510715914272
22094595.145520806,0.6165070679434564
22100020.216160767,0.6169630642954856
22118370.50041516,0.6174190606475148
22280082.497332618,0.617875056999544
22283418.92045273,0.6183310533515732
22394319.597517714,0.6187870497036023
22491428.587536693,0.6192430460556315
22502779.18678552,0.6196990424076607
22508785.962798692,0.6201550387596899
22602270.186837167,0.6206110351117191
22604698.81093067,0.6210670314637483
22664363.56011337,0.6215230278157775
22707034.607517004,0.6219790241678067
22742095.3447851,0.6224350205198359
22749389.09308362,0.622891016871865
22800125.30560188,0.6233470132238942
22816831.471454494,0.6238030095759234
22817433.633948892,0.6242590059279526
22824095.268165004,0.6247150022799818
22839042.21554952,0.625170998632011
22891183.619314663,0.6256269949840402
23039762.628912345,0.6260829913360693
23063669.28071738,0.6265389876880985
23107502.4503643,0.6269949840401277
23242655.062657572,0.6274509803921569
23427286.094628096,0.627906976744186
23495428.6612491,0.6283629730962152
23552746.462268412,0.6288189694482444
23721515.604774475,0.6292749658002736
23805894.56890653,0.6297309621523028
23855933.64044831,0.6301869585043319
23978042.27866894,0.6306429548563611
23984338.560529515,0.6310989512083903
24063471.328746557,0.6315549475604195
24137673.912588745,0.6320109439124487
24182425.407168895,0.6324669402644779
24222398.89442715,0.6329229366165071
24238968.276680842,0.6333789329685362
24255061.288283974,0.6338349293205654
24267692.913458996,0.6342909256725946
24325361.931283433,0.6347469220246238
24362654.172691345,0.635202918376653
24373570.54417938,0.6356589147286822
24377509.10016656,0.6361149110807114
24383745.16943477,0.6365709074327406
24388603.44197291,0.6370269037847698
24400411.22969483,0.6374829001367989
24412440.59833722,0.6379388964888281
24455002.242751822,0.6383948928408573
24460218.45667094,0.6388508891928865
24491420.440123394,0.6393068855449157
24574099.081172533,0.6397628818969449
24639282.936389655,0.640218878248974
24649062.96753011,0.6406748746010031
24710134.673721522,0.6411308709530323
24816590.737966523,0.6415868673050615
24856414.479499206,0.6420428636570907
24935035.139758646,0.6424988600091199
25377952.53958705,0.6429548563611491
25385212.757732764,0.6434108527131783
25492663.564105242,0.6438668490652075
25747050.32865183,0.6443228454172367
25780014.539370432,0.6447788417692658
26094716.315694742,0.645234838121295
26163520.241207205,0.6456908344733242
26178908.433814317,0.6461468308253534
26252601.63000813,0.6466028271773826
26280228.092063844,0.6470588235294118
26291273.474983662,0.647514819881441
26375233.550921887,0.6479708162334701
26404101.530184448,0.6484268125854993
26508127.070118554,0.6488828089375285
26510803.810873,0.6493388052895577
26517024.84936756,0.6497948016415869
26575083.423135146,0.6502507979936161
26649240.000285476,0.6507067943456453
26740725.052253827,0.6511627906976745
26838073.83920239,0.6516187870497037
26938162.627949744,0.6520747834017327
26960411.029168278,0.652530779753762
26982006.810448125,0.6529867761057911
26996766.928833947,0.6534427724578203
27020780.60319358,0.6538987688098495
27021880.989323005,0.6543547651618787
27167981.001235276,0.6548107615139079
27180399.578721985,0.655266757865937
27241560.69879231,0.6557227542179662
27250277.14555493,0.6561787505699954
27281179.312581748,0.6566347469220246
27354541.776521742,0.6570907432740538
27363258.223284364,0.657546739626083
27366380.33891654,0.6580027359781122
27387476.85610351,0.6584587323301414
27468909.253698677,0.6589147286821706
27501668.423957497,0.6593707250341997
27568590.338151902,0.6598267213862289
27587418.701871037,0.6602827177382581
27690836.337301582,0.6607387140902873
27696790.350818075,0.6611947104423165
27715600.29541868,0.6616507067943457
27748643.88569048,0.6621067031463749
27819019.59866965,0.662562699498404
27822313.794273704,0.6630186958504332
28073935.53845349,0.6634746922024624
28103054.821128473,0.6639306885544916
28132031.840866894,0.6643866849065208
28241939.55450446,0.66484268125855
28334971.73041825,0.6652986776105791
28373294.715561002,0.6657546739626083
28456882.887224615,0.6662106703146375
28550899.084192216,0.6666666666666666
28563599.889795378,0.6671226630186958
28564162.10370177,0.667578659370725
28649354.05026619,0.6680346557227542
28657663.048283666,0.6684906520747834
28689853.883606046,0.6689466484268126
28719444.505886763,0.6694026447788418
28726990.976585507,0.6698586411308709
28736564.040060878,0.6703146374829001
28865610.80256769,0.6707706338349293
28871191.418178678,0.6712266301869585
29046017.122278243,0.6716826265389877
29170710.052345216,0.6721386228910169
29224433.90822199,0.6725946192430461
29291095.962772295,0.6730506155950753
29311916.29281178,0.6735066119471045
29402424.012993693,0.6739626082991336
29517915.2930149,0.6744186046511628
29519526.63028747,0.674874601003192
29523272.55507657,0.6753305973552212
29530538.921758264,0.6757865937072504
29542585.195215523,0.6762425900592796
29750183.063643992,0.6766985864113088
29872223.742198974,0.6771545827633378
29898210.818405494,0.677610579115367
29931488.377990536,0.6780665754673962
29933924.742548287,0.6785225718194254
29955384.250755645,0.6789785681714546
29957665.660883844,0.6794345645234838
29960776.652211696,0.679890560875513
29974575.275734812,0.6803465572275422
30041417.886439726,0.6808025535795714
30139868.1692568,0.6812585499316005
30207825.834541127,0.6817145462836297
30244897.10020481,0.6821705426356589
30326979.15756908,0.6826265389876881
30439427.90139201,0.6830825353397173
30548663.746840432,0.6835385316917465
30556176.570637353,0.6839945280437757
30651918.658643007,0.6844505243958048
30670087.230871364,0.684906520747834
30691961.82788913,0.6853625170998632
30735698.263521463,0.6858185134518924
30851835.313173413,0.6862745098039216
30856729.514777616,0.6867305061559508
30857356.562984683,0.68718650250798
30857577.163490325,0.6876424988600092
31053610.333604082,0.6880984952120384
31063028.008501165,0.6885544915640675
31071333.083316177,0.6890104879160966
31071598.2715267,0.6894664842681258
31122279.037431233,0.689922480620155
31126890.685102195,0.6903784769721842
31213835.408241957,0.6908344733242134
31242300.937945306,0.6912904696762426
31251951.551951036,0.6917464660282717
31263759.339672968,0.6922024623803009
31275788.708315358,0.6926584587323301
31305237.945350736,0.6931144550843593
31307180.310683325,0.6935704514363885
31615650.00202681,0.6940264477884177
31662258.130070403,0.6944824441404469
31674788.80109036,0.6949384404924761
31712972.77787432,0.6953944368445053
31785698.051735707,0.6958504331965344
31789032.276837677,0.6963064295485636
31810305.550911784,0.6967624259005928
31819604.708753854,0.697218422252622
31862492.54266592,0.6976744186046512
31883447.821139783,0.6981304149566804
31891451.90266054,0.6985864113087096
31970361.1078704,0.6990424076607387
31976768.530135274,0.6994984040127679
32063813.983310968,0.6999544003647971
32076949.34495791,0.7004103967168263
32098782.19575367,0.7008663930688555
32200750.79994294,0.7013223894208847
32257870.47311032,0.7017783857729138
32279620.88918218,0.702234382124943
32285293.328431495,0.7026903784769722
32337049.52615396,0.7031463748290013
32353905.382946905,0.7036023711810305
32369718.5200082,0.7040583675330597
32395571.10431403,0.7045143638850889
32439577.42178777,0.7049703602371181
32502773.30445096,0.7054263565891473
32535218.68507284,0.7058823529411765
32697777.65282271,0.7063383492932056
32729336.011915416,0.7067943456452348
32788199.42566374,0.707250341997264
32814511.795403242,0.7077063383492932
32826417.01785507,0.7081623347013224
32828505.793102644,0.7086183310533516
32894977.982047796,0.7090743274053808
32936389.861461848,0.70953032375741
32959408.235733017,0.7099863201094392
32985975.732929595,0.7104423164614683
33002913.687051766,0.7108983128134975
33005965.890292935,0.7113543091655267
33046872.486784294,0.7118103055175559
33073825.384538144,0.7122663018695851
33096381.635984957,0.7127222982216143
33116196.872407794,0.7131782945736435
33151210.882763244,0.7136342909256725
33251630.39711566,0.7140902872777017
33252223.059478298,0.7145462836297309
33259681.328306265,0.7150022799817601
33261842.608488888,0.7154582763337893
33297489.808629394,0.7159142726858185
33359232.482429132,0.7163702690378477
33480007.74407071,0.7168262653898769
33480012.952922523,0.7172822617419061
33496735.4116196,0.7177382580939352
33546386.765392512,0.7181942544459644
33568896.81656602,0.7186502507979936
33649060.43613085,0.7191062471500228
33708667.98612474,0.719562243502052
33853332.72847917,0.7200182398540812
33865820.41571593,0.7204742362061104
33910002.20016981,0.7209302325581395
33936095.29409967,0.7213862289101687
34003340.8691646,0.7218422252621979
34076451.309810564,0.7222982216142271
34093928.599481225,0.7227542179662563
34134063.81966114,0.7232102143182855
34215124.119607195,0.7236662106703147
34363746.93713715,0.7241222070223439
34483709.524036884,0.7245782033743731
34491272.994619206,0.7250341997264022
34605301.982979685,0.7254901960784313
34636842.144738935,0.7259461924304605
34645357.409730434,0.7264021887824897
34672661.966920614,0.7268581851345189
34825309.168581426,0.7273141814865481
34937261.50304295,0.7277701778385773
34988315.436795086,0.7282261741906064
34999961.743775755,0.7286821705426356
35021793.30764546,0.7291381668946648
35028862.391097605,0.729594163246694
35121092.12712832,0.7300501595987232
35229428.94063081,0.7305061559507524
35274143.00834864,0.7309621523027816
35281746.68398464,0.7314181486548108
35463937.64333272,0.73187414500684
35537816.40635733,0.7323301413588691
35543399.220852576,0.7327861377108983
35600380.38480452,0.7332421340629275
35669881.731036216,0.7336981304149567
35674712.90966005,0.7341541267669859
35755295.767659314,0.7346101231190151
35848226.86205961,0.7350661194710443
35878012.486403346,0.7355221158230734
35935465.34124559,0.7359781121751026
35947381.4257499,0.7364341085271318
36015806.178394586,0.736890104879161
36029515.345620155,0.7373461012311902
36051209.774686724,0.7378020975832194
36051559.657156155,0.7382580939352485
36121743.717540026,0.7387140902872777
36148428.98739056,0.739170086639307
36236749.79599157,0.739626082991336
36341720.25426239,0.7400820793433652
36438364.53839281,0.7405380756953944
36560001.60309648,0.7409940720474236
36648816.12176666,0.7414500683994528
36660058.37729412,0.741906064751482
36700224.37742585,0.7423620611035112
36950000.93131106,0.7428180574555403
36951893.0257265,0.7432740538075695
37069265.38155181,0.7437300501595987
37109364.64814828,0.7441860465116279
37228450.87156676,0.7446420428636571
37329565.23426592,0.7450980392156863
37333697.084374666,0.7455540355677155
37362947.64730185,0.7460100319197447
37397922.33867931,0.7464660282717739
37498695.84916511,0.746922024623803
37549247.493246734,0.7473780209758322
37561559.97972767,0.7478340173278614
37628203.44005641,0.7482900136798906
37690277.19388831,0.7487460100319198
37761367.291140854,0.749202006383949
37767252.28788957,0.7496580027359782
37777119.23588443,0.7501139990880072
37778189.787377864,0.7505699954400364
37819247.101578966,0.7510259917920656
38078592.06916121,0.7514819881440948
38184405.92654962,0.751937984496124
38267520.0223237,0.7523939808481532
38288347.69302943,0.7528499772001824
38299297.09456617,0.7533059735522116
38303067.154966325,0.7537619699042408
38364902.551757395,0.7542179662562699
38446094.11945724,0.7546739626082991
38498479.61768256,0.7551299589603283
38739692.45857838,0.7555859553123575
38745377.33778525,0.7560419516643867
38766794.83580293,0.7564979480164159
38809434.505018294,0.7569539443684451
38892361.02666679,0.7574099407204742
38967148.19573426,0.7578659370725034
38971661.42836356,0.7583219334245326
39012078.19040525,0.7587779297765618
39198647.10677299,0.759233926128591
39331775.971604824,0.7596899224806202
39399416.098829105,0.7601459188326494
39411654.42516993,0.7606019151846786
39536743.71693413,0.7610579115367078
39553883.86493928,0.7615139078887369
39577171.19139917,0.761969904240766
39620359.00155124,0.7624259005927952
39655012.99341122,0.7628818969448244
39737838.923223704,0.7633378932968536
39818618.97220346,0.7637938896488828
39822552.21224326,0.764249886000912
39942617.25828922,0.7647058823529411
40067914.778739914,0.7651618787049703
40122959.84433427,0.7656178750569995
40189213.39273848,0.7660738714090287
40223891.31913641,0.7665298677610579
40309432.20823057,0.7669858641130871
40325983.48889296,0.7674418604651163
40364138.75991768,0.7678978568171455
40417235.60087517,0.7683538531691747
40466577.586587325,0.7688098495212038
40475409.893512875,0.769265845873233
40523829.126815975,0.7697218422252622
40735112.94128966,0.7701778385772914
40833011.58743897,0.7706338349293206
41033371.72189054,0.7710898312813498
41237338.4792956,0.771545827633379
41312605.35374153,0.7720018239854081
41371585.95861748,0.7724578203374373
41386164.224230595,0.7729138166894665
41397218.86379446,0.7733698130414957
41403964.552206635,0.7738258093935249
41460145.40890856,0.774281805745554
41519568.11494798,0.7747378020975833
41566286.595448196,0.7751937984496124
41571855.36842823,0.7756497948016416
41579571.829354554,0.7761057911536707
41599265.02151734,0.7765617875056999
41616021.333324656,0.7770177838577291
41702203.75026834,0.7774737802097583
41852172.77273744,0.7779297765617875
41958816.392234,0.7783857729138167
41959769.33804536,0.7788417692658459
41991719.09221429,0.779297765617875
42001554.42804752,0.7797537619699042
42078044.15478267,0.7802097583219334
42082007.4647717,0.7806657546739626
42116073.426051855,0.7811217510259918
42177665.52592595,0.781577747378021
42191223.45750211,0.7820337437300502
42261389.05226916,0.7824897400820794
42298998.64038045,0.7829457364341086
42364458.4831031,0.7834017327861377
42369289.174468875,0.7838577291381669
42444736.51987663,0.7843137254901961
42625157.41452333,0.7847697218422253
42735224.28654353,0.7852257181942545
42767031.61162919,0.7856817145462837
42875990.39542243,0.7861377108983129
42913655.81452523,0.786593707250342
42930111.83103074,0.7870497036023711
42970697.08629526,0.7875056999544003
42980634.17180917,0.7879616963064295
43073789.213878185,0.7884176926584587
43133229.46599375,0.7888736890104879
43214956.67254485,0.7893296853625171
43318550.534085855,0.7897856817145463
43333170.459429234,0.7902416780665755
43354831.06167883,0.7906976744186046
43401183.396244764,0.7911536707706338
43475631.723666996,0.791609667122663
43521716.61361058,0.7920656634746922
43528723.269757286,0.7925216598267214
43599425.92424439,0.7929776561787506
43614473.453493364,0.7934336525307798
43697374.214619204,0.7938896488828089
43705196.25605342,0.7943456452348381
43735808.75450916,0.7948016415868673
43735917.53825003,0.7952576379388965
43819235.82001497,0.7957136342909257
43821549.51044425,0.7961696306429549
43861157.2247159,0.7966256269949841
43895581.681704044,0.7970816233470133
43945333.136437446,0.7975376196990425
44005805.738451526,0.7979936160510716
44073067.489447236,0.7984496124031008
44087669.42822775,0.79890560875513
44322051.23152381,0.7993616051071591
44323794.00204611,0.7998176014591883
44326674.894161955,0.8002735978112175
44404132.77542469,0.8007295941632467
44418524.439800635,0.8011855905152758
44476924.47253126,0.801641586867305
44476964.29646604,0.8020975832193342
44496185.34090592,0.8025535795713634
44510085.01124388,0.8030095759233926
44538029.75565821,0.8034655722754218
44608756.09119061,0.803921568627451
44632716.932157636,0.8043775649794802
44682640.227062985,0.8048335613315094
44707856.453455985,0.8052895576835385
44747596.76099555,0.8057455540355677
44758777.20584282,0.8062015503875969
44765739.30817412,0.8066575467396261
44783077.51114491,0.8071135430916553
44836875.284967676,0.8075695394436845
44850050.190603465,0.8080255357957137
44920424.292543024,0.8084815321477428
44951934.140043736,0.808937528499772
45010963.21851866,0.8093935248518012
45143306.78502895,0.8098495212038304
45243708.06442532,0.8103055175558596
45261917.198037475,0.8107615139078888
45379493.90769776,0.811217510259918
45380586.709650934,0.8116735066119471
45384292.821897775,0.8121295029639763
45408195.13311589,0.8125854993160054
45576600.58830407,0.8130414956680346
45633989.197706625,0.8134974920200638
45719276.59336004,0.813953488372093
45810260.581865996,0.8144094847241222
45958851.8003407,0.8148654810761514
46057262.37577578,0.8153214774281806
46083767.30286561,0.8157774737802097
46128068.20782595,0.8162334701322389
46199812.99249826,0.8166894664842681
46264555.68456036,0.8171454628362973
46313595.53339383,0.8176014591883265
46320367.39392364,0.8180574555403557
46331601.01744269,0.8185134518923849
46352500.00752607,0.8189694482444141
46377798.19314942,0.8194254445964433
46473662.76283316,0.8198814409484724
46525102.36008841,0.8203374373005016
46612625.67583826,0.8207934336525308
46774212.170219466,0.82124943000456
46796540.79611327,0.8217054263565892
46847403.27746588,0.8221614227086184
46861900.53377578,0.8226174190606476
46974761.16517925,0.8230734154126766
47050843.08675334,0.8235294117647058
47101703.4865776,0.823985408116735
47233183.69667128,0.8244414044687642
47247906.63396916,0.8248974008207934
47268651.05822277,0.8253533971728226
47279348.47319734,0.8258093935248518
47300911.239103556,0.826265389876881
47315385.321771756,0.8267213862289102
47318367.51481557,0.8271773825809393
47352300.4867401,0.8276333789329685
47362513.41970757,0.8280893752849977
47561505.91814381,0.8285453716370269
47589301.281015545,0.8290013679890561
47688416.15523097,0.8294573643410853
47773965.40009889,0.8299133606931145
47884342.02766654,0.8303693570451436
47886951.6139303,0.8308253533971728
47898458.23594183,0.831281349749202
47909566.49260824,0.8317373461012312
47923141.35716599,0.8321933424532604
47932379.018568814,0.8326493388052896
48017612.5104602,0.8331053351573188
48091889.75502734,0.833561331509348
48122062.48005134,0.8340173278613772
48205871.25033981,0.8344733242134063
48218161.08678499,0.8349293205654355
48274854.937585406,0.8353853169174646
48374028.86934677,0.8358413132694938
48418213.71033865,0.836297309621523
48449470.78103686,0.8367533059735522
48465498.01561649,0.8372093023255814
48467691.82872513,0.8376652986776105
48501149.60737467,0.8381212950296397
48564398.66406301,0.8385772913816689
48571914.99295071,0.8390332877336981
48581381.427924976,0.8394892840857273
48603133.00436939,0.8399452804377565
48614903.979907066,0.8404012767897857
48656952.37805349,0.8408572731418149
48673339.02394673,0.8413132694938441
48705074.30734761,0.8417692658458732
48755592.57763487,0.8422252621979024
48786898.869304,0.8426812585499316
48794017.49659452,0.8431372549019608
48872632.30531336,0.84359325125399
48879584.209638566,0.8440492476060192
48925037.421006344,0.8445052439580484
48932233.9300901,0.8449612403100775
49015604.021615624,0.8454172366621067
49042547.608145125,0.8458732330141359
49084458.6890977,0.8463292293661651
49130908.215545,0.8467852257181943
49285039.04292217,0.8472412220702235
49309172.174778685,0.8476972184222527
49318604.86211467,0.8481532147742818
49345197.85041326,0.848609211126311
49388650.50153619,0.8490652074783401
49452003.356189504,0.8495212038303693
49481255.68957585,0.8499772001823985
49530373.42162338,0.8504331965344277
49597862.72694078,0.8508891928864569
49638450.14064102,0.8513451892384861
49837474.378560066,0.8518011855905153
49883907.2983152,0.8522571819425444
49883987.195040256,0.8527131782945736
49957764.47290987,0.8531691746466028
49988250.08647537,0.853625170998632
50040437.00315073,0.8540811673506612
50056904.52389957,0.8545371637026904
50078210.08214113,0.8549931600547196
50079954.399491474,0.8554491564067488
50091856.28651735,0.855905152758778
50163451.439296156,0.8563611491108071
50203319.50153339,0.8568171454628363
50219060.616962135,0.8572731418148655
50219307.20016852,0.8577291381668947
50262336.623209715,0.8581851345189239
50276541.988398254,0.8586411308709531
50336762.223780334,0.8590971272229823
50390342.90705635,0.8595531235750113
50395764.440447286,0.8600091199270405
50442080.10629916,0.8604651162790697
50598018.887030795,0.8609211126310989
50601691.77941275,0.8613771089831281
50603442.03166236,0.8618331053351573
50612507.35103552,0.8622891016871865
50637404.66271782,0.8627450980392157
50644602.66882591,0.8632010943912449
50752713.60087663,0.863657090743274
50757338.585382394,0.8641130870953032
50789217.49917142,0.8645690834473324
50815515.445430085,0.8650250797993616
50820843.62909281,0.8654810761513908
50851486.641635686,0.86593707250342
50940666.97737613,0.8663930688554492
50979904.74410269,0.8668490652074783
50989400.973088995,0.8673050615595075
50990439.678806335,0.8677610579115367
51021064.92367941,0.8682170542635659
51034398.329462335,0.8686730506155951
51144345.48058516,0.8691290469676243
51154111.8551902,0.8695850433196535
51178296.646652,0.8700410396716827
51240668.528115645,0.8704970360237119
51242032.87364809,0.870953032375741
51269176.86215523,0.8714090287277702
51302171.541204944,0.8718650250797993
51315888.93731682,0.8723210214318285
51360467.187181175,0.8727770177838577
51365036.23481667,0.8732330141358869
51366661.590210125,0.8736890104879161
51373070.84125686,0.8741450068399452
51392937.15255307,0.8746010031919744
51418461.91915773,0.8750569995440036
51428887.51469326,0.8755129958960328
51655457.989055485,0.875968992248062
51658238.88864422,0.8764249886000912
51685826.53036657,0.8768809849521204
51703736.08948204,0.8773369813041496
51751283.80594686,0.8777929776561788
51754865.50388766,0.8782489740082079
51760780.03493318,0.8787049703602371
51784935.64849591,0.8791609667122663
51869522.40042547,0.8796169630642955
51874650.062862545,0.8800729594163247
51882882.74492057,0.8805289557683539
51884262.68625568,0.8809849521203831
51885755.07653734,0.8814409484724122
51890363.46853909,0.8818969448244414
51964070.062947154,0.8823529411764706
52003268.533901334,0.8828089375284998
52005344.62629703,0.883264933880529
52010991.21068367,0.8837209302325582
52023889.65259223,0.8841769265845874
52040555.923999384,0.8846329229366166
52070390.1175054,0.8850889192886457
52073550.60304913,0.8855449156406748
52085176.68126753,0.886000911992704
52135885.36626199,0.8864569083447332
52205071.392602,0.8869129046967624
52236580.57756382,0.8873689010487916
52310114.20705974,0.8878248974008208
52426837.05089967,0.88828089375285
52431103.92473802,0.8887368901048791
52438548.51566002,0.8891928864569083
52439570.64870131,0.8896488828089375
52518661.9743993,0.8901048791609667
52708274.49742143,0.8905608755129959
52731854.74138771,0.8910168718650251
52756725.14911944,0.8914728682170543
52776723.68814121,0.8919288645690835
52784278.891520634,0.8923848609211127
52944634.49817863,0.8928408572731418
53070936.40243152,0.893296853625171
53085327.83259134,0.8937528499772002
53090606.79215595,0.8942088463292294
53187423.81982686,0.8946648426812586
53230822.08414368,0.8951208390332878
53361164.51847208,0.895576835385317
53424270.008874685,0.896032831737346
53485558.66495463,0.8964888280893752
53515798.37234974,0.8969448244414044
53524705.51103917,0.8974008207934336
53555871.41805282,0.8978568171454628
53594908.50599694,0.898312813497492
53633964.185833305,0.8987688098495212
53647686.53238055,0.8992248062015504
53668547.2407901,0.8996808025535796
53763639.41608971,0.9001367989056087
53765215.90389156,0.9005927952576379
53789273.67681,0.9010487916096671
53872892.62456414,0.9015047879616963
53874264.42937237,0.9019607843137255
53963235.358915,0.9024167806657547
53991507.78693282,0.9028727770177839
54027435.14655438,0.903328773369813
54033448.32672791,0.9037847697218422
54048550.83520314,0.9042407660738714
54057226.56294504,0.9046967624259006
54111222.147938125,0.9051527587779298
54151875.84890437,0.905608755129959
54157884.453097105,0.9060647514819882
54262890.519243926,0.9065207478340174
54288387.213835254,0.9069767441860466
54321514.72393504,0.9074327405380757
54367197.95566955,0.9078887368901049
54389939.13833776,0.908344733242134
54425756.60232213,0.9088007295941632
54451176.66797778,0.9092567259461924
54462429.93338525,0.9097127222982216
54511760.00492665,0.9101687186502508
54538403.82143384,0.9106247150022799
54636261.4501552,0.9110807113543091
54650482.99925631,0.9115367077063383
54667225.00823265,0.9119927040583675
54747775.15473598,0.9124487004103967
54825765.2236015,0.9129046967624259
54865904.399727434,0.9133606931144551
54882538.94804005,0.9138166894664843
54903817.47461273,0.9142726858185135
54924623.44918011,0.9147286821705426
54924844.890463024,0.9151846785225718
54962125.398995504,0.915640674874601
54968968.89172666,0.9160966712266302
55039600.049445435,0.9165526675786594
55165693.34318215,0.9170086639306886
55177648.11226259,0.9174646602827178
55283453.398060694,0.9179206566347469
55330121.92225884,0.9183766529867761
55413392.53628978,0.9188326493388053
55417393.14180173,0.9192886456908345
55441496.444131166,0.9197446420428637
55564363.165733635,0.9202006383948929
55653918.00988422,0.920656634746922
55760597.76664841,0.9211126310989513
55767180.31046437,0.9215686274509804
55777687.02339241,0.9220246238030095
55882856.73885083,0.9224806201550387
56101500.98410301,0.9229366165070679
56149371.22748062,0.9233926128590971
56184484.54141453,0.9238486092111263
56300776.4910613,0.9243046055631555
56313771.96932787,0.9247606019151847
56515384.33115104,0.9252165982672138
56589172.96550453,0.925672594619243
56646833.82041255,0.9261285909712722
56712768.53167543,0.9265845873233014
56860171.51787497,0.9270405836753306
56884561.95600909,0.9274965800273598
56904793.97947863,0.927952576379389
57083063.037784025,0.9284085727314182
57119069.02301079,0.9288645690834474
57228022.34791432,0.9293205654354765
57238968.503928825,0.9297765617875057
57288167.48074564,0.9302325581395349
57308938.14869256,0.9306885544915641
57354650.798237234,0.9311445508435933
57416052.47481549,0.9316005471956225
57440591.80656853,0.9320565435476517
57468335.29389058,0.9325125398996807
57635260.551216036,0.93296853625171
57835734.95190689,0.9334245326037391
57943669.28493628,0.9338805289557683
57948899.80574551,0.9343365253077975
57979638.0801107,0.9347925216598267
58004112.19316423,0.9352485180118559
58069877.85951978,0.9357045143638851
58107908.86267769,0.9361605107159143
58154961.206954286,0.9366165070679434
58191792.71457416,0.9370725034199726
58259033.43683301,0.9375284997720018
58261370.24683505,0.937984496124031
58262770.83928935,0.9384404924760602
58268023.76452689,0.9388964888280894
58311311.34930852,0.9393524851801186
58369934.56082106,0.9398084815321477
58371246.359886825,0.9402644778841769
58427168.83749196,0.9407204742362061
58581413.09845917,0.9411764705882353
58584810.79552986,0.9416324669402645
58611901.908889756,0.9420884632922937
58739402.51505835,0.9425444596443229
58765110.62949371,0.9430004559963521
58767125.84868468,0.9434564523483813
58804578.56757389,0.9439124487004104
58815498.07514079,0.9443684450524396
58815966.042634696,0.9448244414044688
58816759.00739516,0.945280437756498
58870799.09698655,0.9457364341085271
58937994.068685755,0.9461924304605563
58952599.17500073,0.9466484268125855
59019877.382774994,0.9471044231646146
59069845.42808607,0.9475604195166438
59152565.10773082,0.948016415868673
59194866.35798131,0.9484724122207022
59205945.9920841,0.9489284085727314
59259336.518218994,0.9493844049247606
59280347.67348109,0.9498404012767898
59281043.386796474,0.950296397628819
59604324.30665402,0.9507523939808482
59650733.63800034,0.9512083903328773
59787018.64283426,0.9516643866849065
59929412.99656047,0.9521203830369357
59967004.709445894,0.9525763793889649
59976849.958140254,0.9530323757409941
60270236.92067815,0.9534883720930233
60448243.3628878,0.9539443684450525
60459417.29281443,0.9544003647970816
60635012.561407834,0.9548563611491108
60884279.53746408,0.95531235750114
60938421.56021619,0.9557683538531692
61110748.70293699,0.9562243502051984
61114282.039963275,0.9566803465572276
61266545.58308031,0.9571363429092568
61301160.829375595,0.957592339261286
61303391.710939094,0.9580483356133151
61310133.078074604,0.9585043319653442
61473429.55589005,0.9589603283173734
61539000.99501872,0.9594163246694026
61640503.87225416,0.9598723210214318
61643007.83793379,0.960328317373461
61773004.403791234,0.9607843137254902
61800239.56090638,0.9612403100775194
62047538.834915474,0.9616963064295485
62050830.42894766,0.9621523027815777
62075873.02009213,0.9626082991336069
62212704.01978351,0.9630642954856361
62470427.41098893,0.9635202918376653
62496592.97711693,0.9639762881896945
62568811.071654156,0.9644322845417237
62780787.50470053,0.9648882808937529
62806336.22647309,0.9653442772457821
62815237.943182126,0.9658002735978112
62937477.36531906,0.9662562699498404
62937918.23088969,0.9667122663018696
62990110.8608555,0.9671682626538988
62993682.61939609,0.967624259005928
63073562.19869615,0.9680802553579572
63112742.78176927,0.9685362517099864
63253500.719625965,0.9689922480620154
63256596.05041954,0.9694482444140446
63330217.41167578,0.9699042407660738
63347298.85089292,0.970360237118103
63451313.25708122,0.9708162334701322
63807343.50451028,0.9712722298221614
64243084.86322126,0.9717282261741906
65272425.913510665,0.9721842225262198
65378671.682989135,0.972640218878249
65386991.19759023,0.9730962152302781
65443184.23682022,0.9735522115823073
65799591.026516944,0.9740082079343365
65888317.696533486,0.9744642042863657
65934614.51788673,0.9749202006383949
66007068.308312744,0.9753761969904241
66236719.556596294,0.9758321933424533
66520122.075918734,0.9762881896944824
66667507.94327317,0.9767441860465116
67030619.729454756,0.9772001823985408
67079750.47946742,0.97765617875057
67638212.75872058,0.9781121751025992
67700482.7069281,0.9785681714546284
67733321.67990564,0.9790241678066576
67740615.03833608,0.9794801641586868
67899467.05662552,0.979936160510716
67924340.70394062,0.9803921568627451
67976325.52179411,0.9808481532147743
68101509.03849815,0.9813041495668035
68261009.10951218,0.9817601459188326
68387909.4130776,0.9822161422708618
68555565.52315405,0.982672138622891
68642625.14326191,0.9831281349749202
69012220.26614094,0.9835841313269493
69036694.75511357,0.9840401276789785
69345141.07595274,0.9844961240310077
69446535.38788036,0.9849521203830369
69572242.47949907,0.9854081167350661
69699142.78306454,0.9858641130870953
69743835.15219654,0.9863201094391245
69866798.89314103,0.9867761057911537
69953858.51324882,0.9872321021431829
70157750.03753111,0.987688098495212
70284650.34109655,0.9881440948472412
70323453.63612784,0.9886000911992704
70347928.1251005,0.9890560875512996
70452306.45117301,0.9895120839033288
70539366.07128085,0.989968080255358
70656374.44593969,0.9904240766073872
70757768.75786725,0.9908800729594163
70908961.19415988,0.9913360693114455
70933435.68313253,0.9917920656634747
71031347.45725667,0.9922480620155039
71055068.52218345,0.9927040583675331
71241882.0039717,0.9931600547195623
71343276.31589931,0.9936160510715915
71640576.0802155,0.9940720474236207
72236796.91460353,0.9945280437756499
72341419.75306661,0.9949840401276789
72382116.82324046,0.9954400364797081
72782641.19998577,0.9958960328317373
72982896.0902255,0.9963520291837665
73207523.15539338,0.9968080255357957
73435212.88941494,0.9972640218878249
73896294.45915583,0.9977200182398541
74294129.46021241,0.9981760145918832
74518756.52538028,0.9986320109439124
74879637.01824445,0.9990880072959416
75104264.08341229,0.9995440036479708
77177343.84244744,1.0
