1,1247,2,1,0
2,1247,3,1,0
13,1247,12,0,1
20,1243,19,0,1
30,1157,31,1,0
31,1247,32,1,0
38,1247,39,2,1
45,1157,79,3,0
46,1157,80,3,0
47,1247,46,1,2
54,1243,53,1,2
64,1157,65,2,1
72,1247,73,2,1
73,1247,74,2,1
80,1157,1157,4,0
81,1243,80,1,2
81,1247,80,1,2
88,1243,87,1,2
98,1157,99,2,1
108,1247,109,2,1
115,1243,114,1,2
115,1247,114,1,2
122,1164,88,0,3
122,1243,121,1,2
142,1247,143,2,1
149,1243,148,1,2
149,1247,148,1,2
156,1243,155,1,2
178,1247,144,0,3
183,1243,182,1,2
183,1247,182,1,2
184,1201,183,1,2
190,1240,156,0,3
190,1243,189,1,2
191,1243,190,1,2
192,1243,191,1,2
212,1247,178,0,3
217,1243,216,1,2
217,1247,216,1,2
218,1201,217,1,2
218,1217,217,1,2
223,1201,222,1,2
223,1251,222,1,2
224,1201,223,1,2
225,1201,224,1,2
226,1201,225,1,2
242,1225,208,0,3
246,1162,247,2,1
247,1162,248,2,1
247,1247,213,0,3
248,1162,1162,4,0
251,1243,250,1,2
251,1247,250,1,2
252,1201,251,1,2
257,1201,256,1,2
258,1243,257,1,2
259,1212,258,1,2
259,1243,258,1,2
260,1243,259,1,2
261,1243,260,1,2
262,1243,261,1,2
263,1243,262,1,2
267,1201,301,3,0
281,1247,247,0,3
282,1247,248,0,3
285,1171,284,1,2
285,1247,284,1,2
286,1247,285,1,2
287,1191,286,1,2
291,1201,290,1,2
292,1243,291,1,2
293,1212,292,1,2
293,1243,292,1,2
294,1212,295,2,1
294,1243,293,1,2
300,1243,334,3,0
317,1247,283,0,3
318,1247,284,0,3
319,1247,318,1,2
320,1247,319,1,2
325,1201,324,1,2
326,1243,325,1,2
327,1212,326,1,2
327,1243,326,1,2
330,1212,331,2,1
352,1212,351,1,2
352,1247,318,0,3
353,1247,352,1,2
354,1247,353,1,2
359,1201,358,1,2
361,1187,327,0,3
361,1212,360,1,2
361,1243,360,1,2
364,1212,365,2,1
366,1243,400,3,0
386,1212,385,1,2
388,1160,387,1,2
393,1201,392,1,2
395,1212,394,1,2
395,1243,394,1,2
420,1212,419,1,2
427,1201,426,1,2
429,1212,428,1,2
429,1243,428,1,2
434,1212,400,0,3
446,1236,445,1,2
454,1212,453,1,2
461,1201,460,1,2
462,1236,463,2,1
463,1212,462,1,2
463,1243,462,1,2
470,1212,436,0,3
480,1236,479,1,2
481,1236,480,1,2
488,1212,487,1,2
495,1201,494,1,2
496,1236,497,2,1
497,1212,496,1,2
497,1243,496,1,2
499,1201,500,2,1
499,1243,500,2,1
504,1212,505,2,1
522,1212,521,1,2
529,1201,528,1,2
530,1236,531,2,1
531,1211,497,0,3
531,1212,530,1,2
531,1243,530,1,2
538,1212,539,2,1
556,1212,555,1,2
563,1201,562,1,2
564,1236,565,2,1
565,1212,564,1,2
572,1212,573,2,1
590,1212,589,1,2
598,1236,599,2,1
599,1212,598,1,2
606,1212,607,2,1
614,1174,580,0,3
624,1212,623,1,2
632,1236,633,2,1
633,1212,632,1,2
640,1212,641,2,1
658,1212,657,1,2
666,1236,667,2,1
667,1212,666,1,2
674,1212,675,2,1
684,1176,718,3,0
688,1248,654,0,3
692,1212,691,1,2
700,1236,701,2,1
701,1212,700,1,2
708,1212,709,2,1
726,1212,725,1,2
735,1212,734,1,2
742,1212,743,2,1
759,1236,793,3,0
760,1212,759,1,2
776,1212,777,2,1
791,1157,825,3,0
857,1236,858,2,1
863,1216,862,1,2
870,1218,836,0,3
870,1243,869,1,2
871,1243,872,2,1
891,1236,892,2,1
896,1223,930,3,0
904,1199,938,3,0
904,1243,903,1,2
910,1230,944,3,0
938,1243,937,1,2
942,1243,943,2,1
945,1200,944,1,2
956,1236,957,2,1
957,1157,958,2,1
968,1172,967,1,2
972,1243,971,1,2
976,1243,977,2,1
1006,1243,1005,1,2
1022,1157,1023,2,1
1040,1243,1039,1,2
1048,1186,1047,1,2
1050,1157,1051,2,1
1074,1243,1073,1,2
1084,1157,1085,2,1
1108,1243,1107,1,2
1116,1173,1115,1,2
1118,1157,1119,2,1
1123,1247,1124,2,1
1124,1247,1125,2,1
1130,1247,1131,2,1
1131,1247,1132,2,1
1132,1247,1133,2,1
1133,1247,1134,2,1
1134,1247,1247,4,0
1135,1247,1134,1,2
1139,1172,1138,1,2
1142,1243,1141,1,2
1152,1157,1153,2,1
1152,1247,1153,2,1
1153,1247,1154,2,1
1157,1161,80,0,4
1157,1164,80,0,4
1157,1165,80,0,4
1157,1170,80,0,4
1157,1177,80,0,4
1157,1180,80,0,4
1157,1183,80,0,4
1157,1188,80,0,4
1157,1193,80,0,4
1157,1195,80,0,4
1157,1210,80,0,4
1157,1212,80,0,4
1157,1213,80,0,4
1157,1216,80,0,4
1157,1218,80,0,4
1157,1220,80,0,4
1157,1225,80,0,4
1157,1226,80,0,4
1157,1230,80,0,4
1157,1232,80,0,4
1157,1235,80,0,4
1157,1239,80,0,4
1157,1244,80,0,4
1157,1250,80,0,4
1157,1253,80,0,4
1159,1168,699,0,4
1159,1211,302,0,4
1162,1159,248,0,4
1162,1168,248,0,4
1162,1174,248,0,4
1162,1177,248,0,4
1162,1180,248,0,4
1162,1183,248,0,4
1162,1210,248,0,4
1162,1215,248,0,4
1162,1225,248,0,4
1162,1229,248,0,4
1162,1235,248,0,4
1162,1236,249,0,4
1162,1246,248,0,4
1162,1254,248,0,4
1163,1236,250,0,4
1164,1157,1134,0,4
1164,1238,376,0,4
1164,1240,1101,0,4
1168,1159,665,0,4
1173,1251,647,0,4
1175,1197,614,0,4
1176,1173,956,0,4
1176,1182,956,0,4
1177,1247,43,0,4
1179,1205,515,0,4
1179,1236,249,0,4
1194,1197,479,0,4
1195,1157,79,0,4
1195,1247,12,0,4
1197,1175,580,0,4
1197,1194,547,0,4
1201,1206,183,0,4
1201,1240,183,0,4
1205,1179,411,0,4
1205,1247,1134,0,4
1209,1236,249,0,4
1211,1159,548,0,4
1211,1223,216,0,4
1211,1236,182,0,4
1212,1159,759,0,4
1212,1168,759,0,4
1212,1174,759,0,4
1212,1185,759,0,4
1212,1188,759,0,4
1212,1206,759,0,4
1212,1213,1126,0,4
1212,1215,759,0,4
1212,1246,759,0,4
1212,1253,759,0,4
1213,1212,1125,0,4
1213,1247,1125,0,4
1217,1255,81,0,4
1221,1236,250,0,4
1223,1211,216,0,4
1233,1247,115,0,4
1235,1157,44,0,4
1235,1162,44,0,4
1235,1247,1133,0,4
1236,1162,113,0,4
1236,1163,113,0,4
1236,1176,445,0,4
1236,1179,113,0,4
1236,1189,479,0,4
1236,1209,113,0,4
1236,1211,113,0,4
1236,1221,113,0,4
1236,1224,479,0,4
1236,1241,113,0,4
1236,1243,113,0,4
1236,1248,80,0,4
1238,1164,546,0,4
1241,1236,249,0,4
1243,1173,216,0,4
1243,1219,182,0,4
1243,1236,182,0,4
1243,1240,182,0,4
1243,1245,182,0,4
1246,1254,731,0,4
1247,1177,1134,0,4
1247,1195,1134,0,4
1247,1205,1134,0,4
1247,1213,1134,0,4
1247,1229,1134,0,4
1247,1233,1134,0,4
1247,1235,1134,0,4
1248,1173,657,0,4
1248,1182,657,0,4
1248,1236,1024,0,4
1251,1173,647,0,4
1254,1246,765,0,4
1255,1217,149,0,4
