15,1192,14,0,1
16,1191,15,0,1
17,1191,16,0,1
18,1192,17,0,1
20,1226,21,1,0
23,1180,22,0,1
24,1180,23,0,1
25,1180,24,0,1
31,1191,1153,3,3
32,1191,1154,3,3
49,1192,48,1,2
50,1191,49,1,2
51,1191,50,1,2
54,1226,55,2,1
57,1180,56,1,2
58,1180,57,1,2
66,1191,67,2,1
76,1177,110,3,0
83,1191,117,3,0
84,1191,83,1,2
86,1191,120,3,0
87,1191,121,3,0
87,1192,86,1,2
88,1191,122,3,0
88,1192,87,1,2
88,1226,89,2,1
89,1191,123,3,0
89,1192,88,1,2
90,1191,124,3,0
90,1192,89,1,2
91,1191,125,3,0
91,1192,90,1,2
92,1180,91,1,2
92,1191,126,3,0
93,1191,127,3,0
100,1191,101,2,1
122,1226,123,2,1
132,1192,166,3,0
156,1226,157,2,1
190,1226,191,2,1
212,1195,178,0,3
224,1226,225,2,1
231,1192,265,3,0
249,1226,283,3,0
297,1160,331,3,0
327,1187,293,0,3
330,1192,331,2,1
349,1189,315,0,3
353,1254,387,3,0
354,1238,353,1,2
364,1192,365,2,1
365,1193,331,0,3
366,1239,365,1,2
388,1198,387,1,2
396,1192,397,2,1
442,1222,475,3,2
445,1245,479,3,0
470,1165,469,1,2
484,1215,518,3,0
491,1173,490,1,2
493,1246,527,3,0
581,1166,580,1,2
600,1245,566,0,3
636,1180,637,2,1
726,1214,760,3,0
729,1192,728,1,2
730,1191,729,1,2
731,1191,730,1,2
732,1192,731,1,2
734,1192,735,2,1
741,1180,742,2,1
763,1192,762,1,2
764,1191,763,1,2
765,1191,764,1,2
766,1191,767,2,1
766,1192,765,1,2
775,1180,776,2,1
797,1192,796,1,2
798,1191,797,1,2
799,1191,798,1,2
800,1192,799,1,2
801,1191,802,2,1
802,1191,803,2,1
809,1180,810,2,1
831,1192,830,1,2
832,1191,831,1,2
833,1191,832,1,2
834,1192,833,1,2
836,1191,837,2,1
837,1191,838,2,1
839,1192,840,2,1
843,1180,844,2,1
856,1226,857,2,1
857,1180,891,3,0
865,1192,864,1,2
866,1191,865,1,2
867,1191,866,1,2
868,1192,867,1,2
872,1191,873,2,1
873,1191,874,2,1
877,1180,878,2,1
899,1192,898,1,2
900,1191,899,1,2
901,1191,900,1,2
902,1192,901,1,2
906,1180,905,1,2
906,1191,907,2,1
907,1191,908,2,1
911,1180,912,2,1
933,1192,932,1,2
934,1191,933,1,2
935,1191,934,1,2
936,1192,935,1,2
940,1180,939,1,2
942,1191,943,2,1
945,1180,946,2,1
960,1226,926,0,3
960,1253,926,0,3
963,1180,962,1,2
967,1192,966,1,2
968,1191,967,1,2
969,1191,968,1,2
970,1192,969,1,2
974,1180,973,1,2
976,1191,977,2,1
977,1191,943,0,3
979,1180,980,2,1
994,1158,1028,3,0
995,1226,961,0,3
997,1180,996,1,2
1001,1192,1000,1,2
1002,1191,1001,1,2
1003,1191,1002,1,2
1004,1192,1003,1,2
1008,1180,1007,1,2
1012,1191,978,0,3
1013,1180,1014,2,1
1015,1192,981,0,3
1031,1180,1030,1,2
1035,1192,1034,1,2
1036,1191,1035,1,2
1037,1191,1036,1,2
1038,1192,1037,1,2
1042,1180,1041,1,2
1046,1191,1012,0,3
1047,1180,1048,2,1
1049,1230,1083,3,0
1059,1226,1058,1,2
1065,1180,1064,1,2
1065,1226,1031,0,3
1069,1192,1068,1,2
1070,1191,1069,1,2
1071,1191,1070,1,2
1072,1192,1071,1,2
1076,1180,1075,1,2
1077,1180,1076,1,2
1081,1180,1082,2,1
1082,1191,1048,0,3
1083,1191,1049,0,3
1093,1226,1092,1,2
1099,1180,1098,1,2
1103,1192,1102,1,2
1104,1191,1103,1,2
1105,1191,1104,1,2
1106,1192,1105,1,2
1109,1226,1110,2,1
1115,1180,1116,2,1
1116,1191,1082,0,3
1117,1191,1083,0,3
1127,1226,1126,1,2
1128,1226,1127,1,2
1129,1226,1128,1,2
1130,1226,1129,1,2
1133,1180,1132,1,2
1137,1192,1136,1,2
1138,1191,1137,1,2
1139,1191,1138,1,2
1140,1192,1139,1,2
1142,1226,1143,2,1
1144,1180,1143,1,2
1145,1180,1144,1,2
1146,1180,1145,1,2
1147,1180,1146,1,2
1148,1180,1149,2,1
1151,1207,1150,1,2
1153,1191,1119,0,3
1156,1221,284,0,4
1163,1185,617,0,4
1166,1158,580,0,4
1166,1163,580,0,4
1166,1189,580,0,4
1166,1196,580,0,4
1166,1199,580,0,4
1166,1207,580,0,4
1166,1223,580,0,4
1166,1243,580,0,4
1166,1249,580,0,4
1173,1219,151,0,4
1177,1161,110,0,4
1177,1165,110,0,4
1177,1176,110,0,4
1177,1188,110,0,4
1177,1193,110,0,4
1177,1212,110,0,4
1177,1213,110,0,4
1177,1216,110,0,4
1177,1218,110,0,4
1177,1220,110,0,4
1177,1226,110,0,4
1177,1230,110,0,4
1177,1232,110,0,4
1177,1239,110,0,4
1177,1244,110,0,4
1177,1248,110,0,4
1177,1250,110,0,4
1177,1253,110,0,4
1180,1164,1098,0,4
1180,1172,1064,0,4
1180,1178,1064,0,4
1180,1190,1064,0,4
1180,1205,9,0,4
1180,1208,1131,0,4
1180,1222,1064,0,4
1180,1227,1064,0,4
1180,1228,1064,0,4
1180,1234,1098,0,4
1180,1235,209,0,4
1180,1247,1098,0,4
1180,1252,1064,0,4
1185,1163,630,0,4
1188,1252,696,0,4
1192,1240,82,0,4
1192,1245,82,0,4
1198,1199,615,0,4
1199,1198,615,0,4
1205,1180,12,0,4
1207,1249,217,0,4
1210,1226,997,0,4
1219,1173,117,0,4
1221,1156,284,0,4
1222,1180,935,0,4
1225,1226,1031,0,4
1226,1157,1125,0,4
1226,1160,1125,0,4
1226,1164,1092,0,4
1226,1166,1125,0,4
1226,1167,1125,0,4
1226,1169,1125,0,4
1226,1170,1125,0,4
1226,1177,1125,0,4
1226,1180,1125,0,4
1226,1183,1125,0,4
1226,1184,1125,0,4
1226,1186,1125,0,4
1226,1192,1125,0,4
1226,1194,1125,0,4
1226,1195,1125,0,4
1226,1200,1125,0,4
1226,1205,1125,0,4
1226,1208,1125,0,4
1226,1210,793,0,4
1226,1214,1125,0,4
1226,1217,1125,0,4
1226,1225,793,0,4
1226,1227,793,0,4
1226,1229,1125,0,4
1226,1234,1092,0,4
1226,1235,1125,0,4
1226,1236,1125,0,4
1226,1238,1125,0,4
1226,1247,1092,0,4
1226,1250,793,0,4
1235,1180,243,0,4
1249,1207,217,0,4
1250,1226,793,0,4
1252,1188,1036,0,4
