7,1183,8,1,0
7,1240,8,1,0
8,1183,1183,4,0
26,1183,27,1,0
31,1242,32,1,0
73,1240,74,2,1
81,1233,82,2,1
106,1240,107,2,1
109,1210,108,1,2
110,1240,144,3,0
111,1240,145,3,0
112,1240,146,3,0
113,1240,147,3,0
114,1240,148,3,0
115,1240,149,3,0
122,1240,156,3,0
140,1240,141,2,1
156,1240,1240,4,0
199,1169,233,3,0
225,1164,191,0,3
259,1234,225,0,3
293,1220,292,1,2
294,1220,295,2,1
307,1217,341,3,0
310,1193,276,0,3
326,1223,325,1,2
327,1220,326,1,2
330,1220,331,2,1
331,1193,297,0,3
344,1221,378,3,0
353,1220,352,1,2
361,1220,360,1,2
378,1250,344,0,3
382,1198,348,0,3
386,1214,385,1,2
387,1220,386,1,2
387,1230,386,1,2
395,1220,394,1,2
400,1220,366,0,3
421,1158,420,1,2
421,1220,420,1,2
429,1220,428,1,2
434,1220,400,0,3
455,1220,454,1,2
463,1220,462,1,2
470,1213,469,1,2
470,1220,436,0,3
479,1163,513,3,0
484,1159,518,3,0
489,1220,488,1,2
490,1198,489,1,2
497,1220,496,1,2
505,1220,471,0,3
523,1220,522,1,2
531,1220,530,1,2
539,1220,540,2,1
541,1159,540,1,2
557,1220,556,1,2
565,1220,564,1,2
573,1220,574,2,1
580,1169,579,1,2
591,1220,590,1,2
599,1220,598,1,2
607,1220,608,2,1
625,1220,624,1,2
633,1220,632,1,2
637,1242,638,2,1
641,1220,642,2,1
659,1220,658,1,2
667,1220,666,1,2
675,1220,676,2,1
685,1183,686,2,1
687,1163,653,0,3
689,1234,723,3,0
693,1220,692,1,2
701,1220,700,1,2
704,1235,738,3,0
708,1183,709,2,1
709,1220,710,2,1
727,1220,726,1,2
728,1213,727,1,2
735,1220,734,1,2
743,1220,744,2,1
761,1220,760,1,2
762,1213,761,1,2
768,1213,767,1,2
769,1213,768,1,2
770,1213,769,1,2
771,1213,770,1,2
777,1220,778,2,1
781,1182,747,0,3
796,1213,795,1,2
802,1213,801,1,2
811,1213,845,3,0
821,1234,822,2,1
836,1213,835,1,2
845,1170,846,2,1
870,1213,869,1,2
880,1234,881,2,1
891,1183,892,2,1
904,1213,903,1,2
905,1218,871,0,3
909,1245,910,2,1
914,1234,915,2,1
925,1183,926,2,1
938,1213,937,1,2
943,1213,977,3,0
948,1234,949,2,1
959,1183,960,2,1
972,1213,971,1,2
982,1194,983,2,1
982,1234,983,2,1
993,1183,994,2,1
993,1193,992,1,2
994,1199,1028,3,0
1006,1213,1005,1,2
1016,1234,1017,2,1
1027,1183,1028,2,1
1030,1240,1064,3,0
1040,1213,1039,1,2
1043,1213,1044,2,1
1050,1234,1051,2,1
1056,1169,1057,2,1
1058,1171,1024,0,3
1061,1183,1062,2,1
1064,1234,1098,3,0
1065,1234,1099,3,0
1066,1234,1100,3,0
1074,1213,1073,1,2
1078,1183,1112,3,0
1084,1234,1085,2,1
1095,1183,1096,2,1
1096,1183,1130,3,0
1100,1234,1234,4,0
1108,1213,1107,1,2
1118,1234,1119,2,1
1129,1183,1130,2,1
1130,1183,8,3,3
1148,1183,1149,2,1
1151,1245,1150,1,2
1158,1179,616,0,4
1159,1160,302,0,4
1159,1184,302,0,4
1159,1192,302,0,4
1159,1214,302,0,4
1159,1217,302,0,4
1160,1197,512,0,4
1163,1167,649,0,4
1163,1228,649,0,4
1164,1240,1134,0,4
1169,1175,547,0,4
1169,1181,547,0,4
1169,1198,547,0,4
1169,1201,547,0,4
1169,1255,116,0,4
1170,1225,243,0,4
1171,1179,216,0,4
1175,1169,581,0,4
1176,1183,990,0,4
1177,1225,177,0,4
1178,1222,935,0,4
1179,1158,616,0,4
1179,1171,216,0,4
1181,1169,615,0,4
1183,1161,8,0,4
1183,1165,8,0,4
1183,1176,8,0,4
1183,1193,8,0,4
1183,1212,8,0,4
1183,1213,8,0,4
1183,1216,8,0,4
1183,1218,8,0,4
1183,1220,8,0,4
1183,1226,8,0,4
1183,1230,8,0,4
1183,1232,8,0,4
1183,1239,8,0,4
1183,1244,8,0,4
1183,1248,8,0,4
1183,1250,8,0,4
1185,1220,101,0,4
1185,1225,134,0,4
1190,1213,937,0,4
1191,1249,580,0,4
1193,1183,1059,0,4
1195,1249,412,0,4
1197,1160,548,0,4
1198,1169,615,0,4
1199,1207,217,0,4
1201,1169,615,0,4
1207,1199,217,0,4
1213,1159,727,0,4
1213,1174,727,0,4
1213,1190,761,0,4
1213,1215,727,0,4
1213,1220,1125,0,4
1213,1246,727,0,4
1213,1254,761,0,4
1217,1172,511,0,4
1220,1159,760,0,4
1220,1168,760,0,4
1220,1174,760,0,4
1220,1185,4,0,4
1220,1206,760,0,4
1220,1213,1126,0,4
1220,1215,760,0,4
1220,1246,760,0,4
1222,1178,935,0,4
1225,1170,209,0,4
1225,1177,175,0,4
1225,1185,142,0,4
1230,1234,1093,0,4
1233,1167,83,0,4
1233,1205,83,0,4
1233,1247,83,0,4
1234,1161,1100,0,4
1234,1165,1100,0,4
1234,1176,1100,0,4
1234,1180,1100,0,4
1234,1183,1100,0,4
1234,1193,1100,0,4
1234,1210,1100,0,4
1234,1212,1100,0,4
1234,1216,1100,0,4
1234,1218,1100,0,4
1234,1220,1100,0,4
1234,1225,1100,0,4
1234,1226,1100,0,4
1234,1230,1100,0,4
1234,1232,1100,0,4
1234,1239,1100,0,4
1234,1240,1134,0,4
1234,1244,1100,0,4
1234,1248,1100,0,4
1234,1250,1100,0,4
1240,1164,156,0,4
1240,1166,156,0,4
1240,1169,156,0,4
1240,1170,156,0,4
1240,1171,156,0,4
1240,1173,156,0,4
1240,1175,156,0,4
1240,1177,156,0,4
1240,1180,156,0,4
1240,1181,156,0,4
1240,1183,156,0,4
1240,1191,156,0,4
1240,1194,156,0,4
1240,1195,156,0,4
1240,1197,156,0,4
1240,1198,156,0,4
1240,1201,156,0,4
1240,1202,156,0,4
1240,1203,156,0,4
1240,1204,156,0,4
1240,1210,156,0,4
1240,1219,156,0,4
1240,1225,156,0,4
1240,1229,156,0,4
1240,1233,156,0,4
1240,1234,156,0,4
1240,1235,156,0,4
1240,1236,156,0,4
1240,1238,156,0,4
1240,1255,156,0,4
1242,1168,615,0,4
1242,1255,183,0,4
1249,1191,582,0,4
1249,1195,549,0,4
1255,1169,116,0,4
1255,1242,183,0,4
