12,1234,11,0,1
13,1234,1135,3,3
14,1247,1136,3,3
20,1234,1142,3,3
46,1234,45,1,2
47,1234,13,0,2
48,1247,14,0,2
54,1234,20,0,2
60,1177,59,1,2
73,1247,107,3,0
80,1234,79,1,2
81,1234,47,0,3
82,1247,48,0,3
88,1234,54,0,3
109,1183,108,1,2
110,1183,76,0,3
111,1177,110,1,2
114,1234,113,1,2
115,1234,81,0,3
116,1247,82,0,3
122,1234,88,0,3
143,1183,142,1,2
143,1247,177,3,0
145,1177,144,1,2
148,1234,147,1,2
149,1234,115,0,3
150,1247,116,0,3
156,1234,122,0,3
160,1177,159,1,2
161,1177,160,1,2
178,1247,212,3,0
179,1177,178,1,2
182,1234,181,1,2
184,1247,150,0,3
184,1253,218,3,0
190,1234,156,0,3
194,1177,195,2,1
212,1247,246,3,0
213,1177,212,1,2
216,1234,215,1,2
218,1247,184,0,3
223,1247,189,0,3
224,1234,190,0,3
228,1177,229,2,1
241,1235,275,3,0
242,1225,241,1,2
247,1177,246,1,2
249,1213,283,3,0
249,1253,283,3,0
250,1234,249,1,2
252,1247,218,0,3
257,1247,223,0,3
258,1234,224,0,3
261,1177,262,2,1
276,1243,310,3,0
282,1247,281,1,2
284,1234,283,1,2
286,1247,252,0,3
289,1172,288,1,2
291,1247,257,0,3
317,1250,316,1,2
318,1247,317,1,2
320,1247,286,0,3
321,1173,320,1,2
325,1247,291,0,3
352,1247,351,1,2
354,1247,320,0,3
355,1186,354,1,2
359,1247,325,0,3
361,1211,327,0,3
378,1189,412,3,0
412,1189,446,3,0
415,1220,416,2,1
420,1241,419,1,2
437,1189,438,2,1
445,1189,446,2,1
446,1189,480,3,0
463,1221,429,0,3
471,1189,472,2,1
474,1184,508,3,0
479,1189,480,2,1
480,1189,514,3,0
498,1179,464,0,3
504,1250,505,2,1
505,1189,506,2,1
511,1213,477,0,3
512,1160,511,1,2
513,1189,514,2,1
514,1189,548,3,0
528,1160,529,2,1
531,1243,497,0,3
539,1189,540,2,1
546,1160,545,1,2
547,1160,546,1,2
547,1189,548,2,1
548,1160,547,1,2
548,1189,582,3,0
554,1237,553,1,2
562,1160,563,2,1
573,1189,574,2,1
580,1238,579,1,2
581,1189,582,2,1
581,1238,547,0,3
582,1189,616,3,0
582,1238,548,0,3
583,1238,549,0,3
584,1238,550,0,3
586,1183,620,3,0
596,1160,597,2,1
607,1189,608,2,1
616,1189,1189,4,0
630,1160,631,2,1
656,1253,657,2,1
657,1208,691,3,0
657,1253,658,2,1
658,1210,657,1,2
658,1253,659,2,1
659,1253,660,2,1
660,1253,661,2,1
661,1160,695,3,0
661,1253,1253,4,0
684,1225,685,2,1
692,1210,691,1,2
722,1228,756,3,0
726,1210,725,1,2
751,1179,717,0,3
759,1160,793,3,0
760,1210,759,1,2
785,1162,751,0,3
790,1220,791,2,1
791,1220,792,2,1
792,1220,1220,4,0
794,1210,793,1,2
828,1210,827,1,2
855,1220,856,2,1
859,1220,1220,4,0
862,1210,861,1,2
891,1160,892,2,1
912,1220,946,3,0
923,1160,924,2,1
938,1156,972,3,0
946,1220,980,3,0
947,1254,946,1,2
956,1220,990,3,0
959,1220,960,2,1
990,1220,1024,3,0
994,1220,960,0,3
998,1210,1032,3,0
1007,1210,1041,3,0
1008,1165,974,0,3
1008,1210,1042,3,0
1009,1210,1043,3,0
1010,1210,1044,3,0
1011,1210,1045,3,0
1016,1194,1017,2,1
1024,1220,1058,3,0
1028,1220,994,0,3
1041,1226,1007,0,3
1042,1220,1008,0,3
1056,1238,1057,2,1
1057,1220,1058,2,1
1058,1220,1092,3,0
1062,1239,1061,1,2
1083,1220,1084,2,1
1090,1197,1056,0,3
1091,1220,1092,2,1
1092,1220,1220,4,0
1113,1220,1114,2,1
1114,1220,1115,2,1
1115,1220,1116,2,1
1116,1220,1117,2,1
1117,1220,1118,2,1
1123,1247,1,3,3
1124,1247,2,3,3
1125,1156,1091,0,3
1130,1247,1096,0,3
1131,1247,1097,0,3
1132,1247,1098,0,3
1133,1247,1099,0,3
1134,1234,1133,1,2
1134,1247,1100,0,3
1135,1234,1101,0,3
1135,1247,1101,0,3
1138,1172,1137,1,2
1150,1189,1116,0,3
1153,1247,31,3,3
1157,1158,512,0,4
1157,1177,81,0,4
1157,1189,480,0,4
1157,1247,445,0,4
1158,1157,615,0,4
1160,1156,545,0,4
1160,1158,545,0,4
1160,1162,545,0,4
1160,1163,545,0,4
1160,1169,48,0,4
1160,1171,81,0,4
1160,1175,48,0,4
1160,1176,511,0,4
1160,1179,545,0,4
1160,1181,48,0,4
1160,1187,545,0,4
1160,1189,545,0,4
1160,1196,545,0,4
1160,1197,81,0,4
1160,1198,48,0,4
1160,1199,545,0,4
1160,1201,48,0,4
1160,1203,48,0,4
1160,1207,545,0,4
1160,1209,511,0,4
1160,1211,545,0,4
1160,1221,545,0,4
1160,1223,545,0,4
1160,1224,511,0,4
1160,1237,545,0,4
1160,1241,511,0,4
1160,1243,545,0,4
1160,1248,511,0,4
1160,1249,545,0,4
1160,1251,545,0,4
1160,1255,81,0,4
1162,1189,616,0,4
1163,1168,617,0,4
1166,1234,546,0,4
1167,1234,444,0,4
1167,1255,81,0,4
1168,1163,632,0,4
1168,1169,599,0,4
1169,1160,82,0,4
1169,1168,579,0,4
1170,1225,243,0,4
1171,1160,149,0,4
1171,1247,580,0,4
1175,1160,150,0,4
1175,1214,614,0,4
1175,1234,614,0,4
1175,1238,183,0,4
1177,1157,77,0,4
1177,1158,244,0,4
1177,1166,110,0,4
1177,1169,110,0,4
1177,1171,177,0,4
1177,1173,177,0,4
1177,1175,177,0,4
1177,1179,244,0,4
1177,1181,177,0,4
1177,1182,77,0,4
1177,1191,110,0,4
1177,1194,110,0,4
1177,1196,211,0,4
1177,1197,177,0,4
1177,1198,177,0,4
1177,1199,211,0,4
1177,1201,177,0,4
1177,1202,144,0,4
1177,1203,177,0,4
1177,1204,77,0,4
1177,1207,244,0,4
1177,1211,211,0,4
1177,1219,110,0,4
1177,1221,244,0,4
1177,1223,244,0,4
1177,1233,110,0,4
1177,1236,77,0,4
1177,1237,244,0,4
1177,1238,110,0,4
1177,1240,144,0,4
1177,1241,244,0,4
1177,1242,211,0,4
1177,1243,211,0,4
1177,1245,110,0,4
1177,1247,278,0,4
1177,1249,244,0,4
1177,1251,177,0,4
1177,1255,144,0,4
1179,1189,616,0,4
1181,1160,150,0,4
1181,1234,614,0,4
1181,1238,183,0,4
1182,1177,85,0,4
1183,1156,76,0,4
1183,1158,76,0,4
1183,1162,76,0,4
1183,1163,76,0,4
1183,1166,76,0,4
1183,1171,76,0,4
1183,1173,76,0,4
1183,1175,76,0,4
1183,1177,76,0,4
1183,1179,76,0,4
1183,1181,76,0,4
1183,1187,76,0,4
1183,1189,76,0,4
1183,1191,76,0,4
1183,1196,76,0,4
1183,1197,76,0,4
1183,1198,76,0,4
1183,1199,76,0,4
1183,1201,76,0,4
1183,1202,76,0,4
1183,1203,76,0,4
1183,1207,76,0,4
1183,1209,76,0,4
1183,1211,76,0,4
1183,1221,76,0,4
1183,1223,76,0,4
1183,1224,76,0,4
1183,1229,76,0,4
1183,1233,76,0,4
1183,1237,76,0,4
1183,1238,76,0,4
1183,1240,76,0,4
1183,1241,76,0,4
1183,1242,76,0,4
1183,1243,76,0,4
1183,1245,76,0,4
1183,1249,76,0,4
1183,1251,76,0,4
1183,1255,76,0,4
1184,1217,511,0,4
1184,1234,15,0,4
1187,1235,316,0,4
1187,1243,249,0,4
1189,1157,616,0,4
1189,1160,616,0,4
1189,1162,616,0,4
1189,1166,616,0,4
1189,1167,616,0,4
1189,1169,616,0,4
1189,1178,616,0,4
1189,1179,616,0,4
1189,1184,616,0,4
1189,1186,616,0,4
1189,1190,616,0,4
1189,1192,616,0,4
1189,1194,616,0,4
1189,1195,616,0,4
1189,1197,616,0,4
1189,1199,616,0,4
1189,1200,616,0,4
1189,1205,616,0,4
1189,1207,616,0,4
1189,1208,616,0,4
1189,1209,616,0,4
1189,1214,616,0,4
1189,1217,616,0,4
1189,1222,616,0,4
1189,1227,616,0,4
1189,1228,616,0,4
1189,1236,616,0,4
1189,1237,616,0,4
1189,1238,616,0,4
1189,1243,616,0,4
1189,1247,616,0,4
1189,1249,616,0,4
1189,1252,616,0,4
1193,1220,792,0,4
1194,1189,480,0,4
1194,1234,445,0,4
1195,1225,12,0,4
1195,1234,377,0,4
1196,1177,216,0,4
1197,1160,149,0,4
1197,1189,581,0,4
1197,1234,547,0,4
1198,1160,150,0,4
1198,1234,614,0,4
1198,1238,183,0,4
1199,1189,616,0,4
1200,1234,478,0,4
1201,1160,150,0,4
1201,1234,614,0,4
1201,1238,183,0,4
1202,1177,150,0,4
1202,1220,646,0,4
1203,1160,150,0,4
1203,1223,615,0,4
1203,1234,614,0,4
1203,1238,183,0,4
1204,1177,84,0,4
1205,1189,411,0,4
1205,1225,1134,0,4
1205,1234,344,0,4
1207,1189,616,0,4
1209,1189,616,0,4
1209,1238,549,0,4
1210,1172,1032,0,4
1210,1178,1032,0,4
1210,1190,1032,0,4
1210,1222,1032,0,4
1211,1177,216,0,4
1211,1234,548,0,4
1214,1175,512,0,4
1217,1184,511,0,4
1217,1234,478,0,4
1220,1156,792,0,4
1220,1158,792,0,4
1220,1162,792,0,4
1220,1163,792,0,4
1220,1171,792,0,4
1220,1173,792,0,4
1220,1175,792,0,4
1220,1176,1092,0,4
1220,1179,792,0,4
1220,1181,792,0,4
1220,1182,792,0,4
1220,1187,792,0,4
1220,1189,792,0,4
1220,1193,792,0,4
1220,1196,792,0,4
1220,1197,792,0,4
1220,1198,792,0,4
1220,1199,792,0,4
1220,1201,792,0,4
1220,1202,792,0,4
1220,1203,792,0,4
1220,1204,792,0,4
1220,1207,792,0,4
1220,1209,792,0,4
1220,1211,792,0,4
1220,1216,1092,0,4
1220,1219,792,0,4
1220,1221,792,0,4
1220,1223,792,0,4
1220,1224,792,0,4
1220,1232,1092,0,4
1220,1237,792,0,4
1220,1239,1092,0,4
1220,1241,792,0,4
1220,1242,792,0,4
1220,1243,792,0,4
1220,1245,1092,0,4
1220,1248,1092,0,4
1220,1249,792,0,4
1220,1251,792,0,4
1221,1177,284,0,4
1221,1234,616,0,4
1223,1177,249,0,4
1223,1203,615,0,4
1225,1170,209,0,4
1225,1195,1065,0,4
1225,1205,1065,0,4
1225,1236,1065,0,4
1233,1247,83,0,4
1233,1255,579,0,4
1234,1166,376,0,4
1234,1167,376,0,4
1234,1171,1133,0,4
1234,1173,1133,0,4
1234,1175,376,0,4
1234,1181,376,0,4
1234,1182,1101,0,4
1234,1184,1101,0,4
1234,1186,1101,0,4
1234,1191,1101,0,4
1234,1192,1101,0,4
1234,1194,343,0,4
1234,1195,343,0,4
1234,1196,1133,0,4
1234,1197,343,0,4
1234,1198,376,0,4
1234,1199,1133,0,4
1234,1200,376,0,4
1234,1201,376,0,4
1234,1202,1101,0,4
1234,1203,376,0,4
1234,1204,1101,0,4
1234,1205,343,0,4
1234,1211,343,0,4
1234,1217,376,0,4
1234,1219,1101,0,4
1234,1221,343,0,4
1234,1223,1133,0,4
1234,1233,1101,0,4
1234,1236,343,0,4
1234,1237,343,0,4
1234,1238,376,0,4
1234,1240,1101,0,4
1234,1242,1133,0,4
1234,1243,343,0,4
1234,1249,343,0,4
1234,1251,1133,0,4
1234,1255,343,0,4
1235,1174,309,0,4
1235,1187,310,0,4
1235,1215,309,0,4
1236,1177,80,0,4
1236,1189,446,0,4
1236,1225,46,0,4
1236,1234,412,0,4
1237,1189,616,0,4
1237,1234,549,0,4
1238,1156,547,0,4
1238,1158,547,0,4
1238,1162,547,0,4
1238,1163,547,0,4
1238,1175,149,0,4
1238,1179,547,0,4
1238,1181,149,0,4
1238,1187,547,0,4
1238,1189,547,0,4
1238,1196,547,0,4
1238,1198,149,0,4
1238,1199,547,0,4
1238,1201,149,0,4
1238,1203,149,0,4
1238,1207,547,0,4
1238,1209,547,0,4
1238,1221,547,0,4
1238,1223,547,0,4
1238,1234,546,0,4
1238,1237,547,0,4
1238,1241,547,0,4
1238,1243,547,0,4
1238,1249,547,0,4
1238,1251,149,0,4
1238,1255,149,0,4
1239,1227,1057,0,4
1239,1253,659,0,4
1240,1177,156,0,4
1242,1177,217,0,4
1242,1247,615,0,4
1243,1160,581,0,4
1243,1187,249,0,4
1243,1189,582,0,4
1243,1234,548,0,4
1247,1157,410,0,4
1247,1171,410,0,4
1247,1173,1102,0,4
1247,1177,376,0,4
1247,1182,1102,0,4
1247,1184,1102,0,4
1247,1186,1102,0,4
1247,1191,1102,0,4
1247,1192,1102,0,4
1247,1202,1102,0,4
1247,1204,1102,0,4
1247,1219,1102,0,4
1247,1229,1101,0,4
1247,1233,1102,0,4
1247,1242,410,0,4
1247,1251,410,0,4
1247,1255,410,0,4
1248,1220,1024,0,4
1248,1253,658,0,4
1249,1189,616,0,4
1249,1234,549,0,4
1251,1238,183,0,4
1251,1247,614,0,4
1253,1161,661,0,4
1253,1176,661,0,4
1253,1232,661,0,4
1253,1239,661,0,4
1253,1248,661,0,4
1255,1160,149,0,4
1255,1167,149,0,4
1255,1233,580,0,4
1255,1234,547,0,4
1255,1238,149,0,4
1255,1247,547,0,4
