34,1219,35,1,1
68,1219,69,1,1
76,1219,110,3,0
77,1217,78,2,1
77,1219,111,3,0
78,1217,79,2,1
78,1219,112,3,0
79,1217,80,2,1
79,1219,113,3,0
80,1217,81,2,1
80,1219,114,3,0
81,1217,1217,4,0
81,1219,115,3,0
82,1219,116,3,0
83,1219,117,3,0
104,1160,138,3,0
117,1219,1219,4,0
135,1219,102,2,3
138,1160,172,3,0
169,1219,136,2,3
171,1219,172,2,1
172,1160,206,3,0
205,1160,206,2,1
206,1160,240,3,0
213,1197,179,0,3
218,1181,184,0,3
224,1181,190,0,3
225,1181,191,0,3
226,1181,192,0,3
227,1170,193,0,3
236,1160,237,2,1
239,1160,240,2,1
240,1160,274,3,0
259,1164,225,0,3
263,1248,297,3,0
270,1160,271,2,1
273,1160,274,2,1
274,1160,308,3,0
276,1219,277,2,1
293,1234,259,0,3
304,1160,305,2,1
307,1160,308,2,1
308,1160,342,3,0
312,1219,313,2,1
334,1179,368,3,0
338,1160,339,2,1
341,1160,342,2,1
342,1160,376,3,0
342,1166,376,3,0
372,1160,373,2,1
375,1160,376,2,1
376,1160,410,3,0
382,1219,348,0,3
406,1160,407,2,1
409,1160,410,2,1
410,1160,444,3,0
416,1219,382,0,3
420,1217,386,0,3
430,1187,396,0,3
440,1160,441,2,1
443,1160,444,2,1
444,1160,478,3,0
467,1174,433,0,3
472,1223,506,3,0
474,1160,475,2,1
477,1160,478,2,1
478,1160,1160,4,0
479,1195,445,0,3
486,1219,452,0,3
506,1160,507,2,1
507,1160,508,2,1
508,1160,509,2,1
515,1179,1179,4,0
522,1219,488,0,3
538,1179,539,2,1
558,1181,557,1,2
596,1174,630,3,0
615,1255,581,0,3
616,1255,582,0,3
617,1255,583,0,3
618,1255,584,0,3
627,1173,626,1,2
627,1219,593,0,3
751,1218,785,3,0
762,1239,761,1,2
837,1171,871,3,0
879,1164,878,1,2
894,1165,860,0,3
894,1219,928,3,0
939,1218,905,0,3
960,1204,994,3,0
964,1165,930,0,3
975,1232,976,2,1
993,1219,994,2,1
1056,1232,1232,4,0
1082,1232,1083,2,1
1083,1232,1084,2,1
1084,1232,1085,2,1
1085,1232,1086,2,1
1090,1158,1056,0,3
1090,1213,1124,3,0
1091,1255,1092,2,1
1092,1219,1093,2,1
1124,1219,1125,2,1
1156,1255,285,0,4
1158,1162,616,0,4
1158,1201,217,0,4
1158,1255,217,0,4
1159,1160,269,0,4
1160,1159,478,0,4
1160,1172,478,0,4
1160,1174,478,0,4
1160,1178,478,0,4
1160,1185,478,0,4
1160,1208,478,0,4
1160,1215,478,0,4
1160,1222,478,0,4
1160,1227,478,0,4
1160,1228,478,0,4
1160,1231,478,0,4
1160,1246,478,0,4
1160,1247,478,0,4
1160,1252,478,0,4
1160,1254,478,0,4
1161,1220,1091,0,4
1162,1158,616,0,4
1162,1219,217,0,4
1165,1210,860,0,4
1165,1219,1127,0,4
1165,1228,860,0,4
1165,1252,860,0,4
1166,1169,115,0,4
1166,1219,116,0,4
1168,1241,267,0,4
1169,1166,115,0,4
1169,1171,547,0,4
1169,1219,116,0,4
1171,1169,548,0,4
1177,1219,111,0,4
1179,1157,515,0,4
1179,1160,515,0,4
1179,1164,515,0,4
1179,1167,515,0,4
1179,1178,515,0,4
1179,1190,515,0,4
1179,1194,515,0,4
1179,1195,515,0,4
1179,1200,515,0,4
1179,1205,515,0,4
1179,1208,515,0,4
1179,1214,515,0,4
1179,1217,515,0,4
1179,1219,217,0,4
1179,1222,515,0,4
1179,1227,515,0,4
1179,1228,515,0,4
1179,1234,515,0,4
1179,1236,515,0,4
1179,1247,515,0,4
1179,1252,515,0,4
1180,1219,109,0,4
1181,1223,217,0,4
1183,1219,109,0,4
1185,1160,168,0,4
1186,1191,578,0,4
1188,1219,69,0,4
1191,1186,579,0,4
1191,1219,117,0,4
1191,1255,580,0,4
1194,1179,480,0,4
1194,1219,114,0,4
1197,1217,149,0,4
1199,1255,217,0,4
1201,1158,217,0,4
1207,1255,217,0,4
1208,1160,444,0,4
1211,1219,183,0,4
1217,1177,81,0,4
1217,1197,81,0,4
1219,1157,117,0,4
1219,1160,117,0,4
1219,1162,117,0,4
1219,1164,117,0,4
1219,1165,117,0,4
1219,1166,117,0,4
1219,1167,117,0,4
1219,1169,117,0,4
1219,1170,117,0,4
1219,1171,117,0,4
1219,1177,117,0,4
1219,1179,117,0,4
1219,1180,117,0,4
1219,1183,117,0,4
1219,1184,117,0,4
1219,1186,117,0,4
1219,1188,117,0,4
1219,1191,117,0,4
1219,1192,117,0,4
1219,1194,117,0,4
1219,1195,117,0,4
1219,1197,117,0,4
1219,1200,117,0,4
1219,1205,117,0,4
1219,1208,117,0,4
1219,1210,117,0,4
1219,1211,117,0,4
1219,1214,117,0,4
1219,1217,117,0,4
1219,1220,117,0,4
1219,1225,117,0,4
1219,1227,117,0,4
1219,1229,117,0,4
1219,1233,117,0,4
1219,1234,117,0,4
1219,1235,117,0,4
1219,1236,117,0,4
1219,1238,117,0,4
1219,1243,117,0,4
1219,1244,117,0,4
1219,1247,117,0,4
1219,1249,117,0,4
1219,1250,117,0,4
1219,1253,117,0,4
1219,1255,117,0,4
1220,1161,1093,0,4
1220,1219,1094,0,4
1220,1226,760,0,4
1220,1230,793,0,4
1223,1181,217,0,4
1223,1255,217,0,4
1226,1220,760,0,4
1227,1160,410,0,4
1230,1220,793,0,4
1231,1160,306,0,4
1232,1240,1056,0,4
1232,1245,1056,0,4
1235,1249,244,0,4
1236,1179,480,0,4
1236,1219,114,0,4
1238,1251,149,0,4
1239,1254,693,0,4
1241,1168,249,0,4
1243,1219,183,0,4
1247,1160,410,0,4
1249,1219,217,0,4
1249,1235,249,0,4
1250,1219,1094,0,4
1251,1238,183,0,4
1255,1156,183,0,4
1255,1158,183,0,4
1255,1163,581,0,4
1255,1189,581,0,4
1255,1191,580,0,4
1255,1199,183,0,4
1255,1207,183,0,4
1255,1221,581,0,4
1255,1223,183,0,4
