3,1176,1125,3,3
30,1176,1152,3,3
32,1219,1154,3,3
37,1176,3,0,2
64,1176,30,0,2
71,1176,37,0,3
80,1195,46,0,3
83,1192,49,0,3
87,1192,53,0,3
88,1192,54,0,3
89,1187,88,1,2
89,1192,55,0,3
90,1192,56,0,3
90,1195,56,0,3
91,1192,57,0,3
95,1164,129,3,0
98,1176,64,0,3
105,1176,71,0,3
105,1234,139,3,0
116,1164,115,1,2
123,1187,122,1,2
124,1176,125,2,1
132,1176,98,0,3
139,1176,105,0,3
157,1187,156,1,2
158,1176,159,2,1
166,1176,132,0,3
173,1176,139,0,3
188,1188,189,2,1
191,1187,190,1,2
200,1176,166,0,3
207,1176,173,0,3
217,1187,216,1,2
218,1208,217,1,2
225,1187,224,1,2
234,1176,200,0,3
251,1187,250,1,2
259,1187,258,1,2
260,1187,259,1,2
261,1187,260,1,2
262,1187,261,1,2
264,1176,230,0,3
268,1176,234,0,3
280,1189,281,2,1
281,1189,282,2,1
282,1158,248,0,3
282,1189,283,2,1
283,1189,284,2,1
284,1189,1189,4,0
285,1187,284,1,2
293,1188,294,2,1
294,1213,328,3,0
298,1176,264,0,3
302,1176,268,0,3
319,1187,318,1,2
319,1230,318,1,2
327,1187,326,1,2
327,1246,328,2,1
328,1187,327,1,2
329,1188,330,2,1
334,1187,368,3,0
336,1176,302,0,3
353,1187,352,1,2
355,1192,354,1,2
361,1187,360,1,2
362,1187,361,1,2
362,1195,363,2,1
369,1176,335,0,3
370,1176,336,0,3
387,1187,386,1,2
389,1192,388,1,2
395,1187,394,1,2
396,1187,395,1,2
400,1187,434,3,0
423,1192,422,1,2
429,1187,428,1,2
430,1187,429,1,2
430,1192,431,2,1
432,1246,433,2,1
434,1187,468,3,0
439,1167,473,3,0
450,1163,416,0,3
457,1192,456,1,2
462,1192,463,2,1
463,1187,462,1,2
464,1187,463,1,2
467,1246,433,0,3
491,1192,490,1,2
498,1187,497,1,2
532,1187,531,1,2
566,1187,565,1,2
567,1187,568,2,1
571,1246,537,0,3
573,1156,574,2,1
582,1171,581,1,2
598,1171,599,2,1
607,1246,573,0,3
616,1171,615,1,2
617,1171,616,1,2
618,1171,617,1,2
632,1171,633,2,1
648,1246,614,0,3
663,1188,697,3,0
664,1188,698,3,0
665,1188,699,3,0
666,1171,667,2,1
666,1188,700,3,0
667,1188,701,3,0
668,1188,702,3,0
669,1188,703,3,0
670,1188,704,3,0
671,1188,705,3,0
677,1246,643,0,3
682,1246,683,2,1
700,1171,701,2,1
700,1246,699,1,2
706,1219,707,2,1
707,1219,708,2,1
708,1219,709,2,1
709,1219,710,2,1
710,1219,711,2,1
711,1219,712,2,1
712,1219,713,2,1
713,1219,1219,4,0
734,1171,735,2,1
768,1171,769,2,1
802,1171,836,3,0
830,1171,864,3,0
861,1171,895,3,0
874,1176,875,2,1
878,1165,912,3,0
889,1165,923,3,0
895,1175,894,1,2
898,1213,897,1,2
947,1176,981,3,0
964,1189,998,3,0
993,1171,994,2,1
1011,1176,1045,3,0
1012,1176,1046,3,0
1013,1176,1047,3,0
1014,1176,1048,3,0
1015,1176,1049,3,0
1023,1176,1176,4,0
1044,1187,1045,2,1
1045,1176,1046,2,1
1057,1176,1023,0,3
1058,1171,1059,2,1
1059,1165,1165,4,0
1063,1174,1062,1,2
1081,1165,1082,2,1
1081,1230,1082,2,1
1082,1165,1083,2,1
1083,1219,1049,0,3
1084,1176,1050,0,3
1091,1176,1057,0,3
1118,1176,1084,0,3
1125,1176,1091,0,3
1135,1234,1101,0,3
1150,1187,1116,0,3
1152,1176,1118,0,3
1156,1171,285,0,4
1158,1189,284,0,4
1162,1171,217,0,4
1162,1189,284,0,4
1164,1191,1134,0,4
1164,1202,1134,0,4
1165,1171,1127,0,4
1165,1176,1059,0,4
1165,1210,1060,0,4
1165,1240,1059,0,4
1165,1245,1059,0,4
1166,1201,149,0,4
1171,1156,217,0,4
1171,1161,581,0,4
1171,1162,217,0,4
1171,1165,182,0,4
1171,1176,581,0,4
1171,1179,217,0,4
1171,1185,581,0,4
1171,1187,615,0,4
1171,1189,217,0,4
1171,1193,581,0,4
1171,1209,581,0,4
1171,1212,581,0,4
1171,1213,581,0,4
1171,1216,581,0,4
1171,1218,581,0,4
1171,1220,182,0,4
1171,1221,615,0,4
1171,1224,581,0,4
1171,1226,581,0,4
1171,1230,182,0,4
1171,1232,581,0,4
1171,1239,581,0,4
1171,1241,217,0,4
1171,1248,581,0,4
1171,1249,217,0,4
1171,1250,182,0,4
1171,1253,182,0,4
1173,1246,184,0,4
1176,1165,1024,0,4
1176,1240,1023,0,4
1176,1245,1023,0,4
1179,1171,217,0,4
1179,1189,284,0,4
1181,1192,615,0,4
1182,1246,746,0,4
1183,1250,75,0,4
1184,1239,48,0,4
1185,1188,134,0,4
1185,1191,134,0,4
1187,1245,250,0,4
1188,1168,697,0,4
1188,1185,135,0,4
1188,1206,135,0,4
1189,1158,284,0,4
1189,1159,284,0,4
1189,1162,284,0,4
1189,1170,284,0,4
1189,1171,285,0,4
1189,1174,284,0,4
1189,1177,284,0,4
1189,1179,284,0,4
1189,1180,284,0,4
1189,1183,284,0,4
1189,1195,284,0,4
1189,1196,284,0,4
1189,1199,284,0,4
1189,1210,284,0,4
1189,1223,284,0,4
1189,1225,284,0,4
1189,1229,284,0,4
1189,1236,284,0,4
1189,1237,284,0,4
1189,1241,284,0,4
1189,1243,284,0,4
1189,1246,284,0,4
1189,1249,284,0,4
1189,1254,284,0,4
1191,1185,116,0,4
1192,1181,546,0,4
1192,1182,49,0,4
1192,1198,546,0,4
1192,1201,546,0,4
1192,1202,546,0,4
1192,1204,49,0,4
1192,1219,49,0,4
1192,1233,49,0,4
1192,1238,546,0,4
1192,1240,49,0,4
1192,1245,49,0,4
1194,1195,47,0,4
1195,1157,46,0,4
1195,1158,46,0,4
1195,1162,46,0,4
1195,1163,46,0,4
1195,1166,46,0,4
1195,1169,46,0,4
1195,1171,46,0,4
1195,1173,46,0,4
1195,1175,46,0,4
1195,1181,46,0,4
1195,1182,46,0,4
1195,1187,46,0,4
1195,1189,46,0,4
1195,1191,46,0,4
1195,1194,46,0,4
1195,1196,46,0,4
1195,1197,46,0,4
1195,1198,46,0,4
1195,1199,412,0,4
1195,1201,46,0,4
1195,1202,46,0,4
1195,1203,46,0,4
1195,1204,46,0,4
1195,1207,46,0,4
1195,1211,46,0,4
1195,1219,46,0,4
1195,1221,46,0,4
1195,1223,46,0,4
1195,1233,46,0,4
1195,1236,46,0,4
1195,1237,412,0,4
1195,1238,46,0,4
1195,1240,46,0,4
1195,1241,412,0,4
1195,1242,46,0,4
1195,1243,46,0,4
1195,1251,46,0,4
1195,1255,412,0,4
1196,1189,250,0,4
1198,1192,615,0,4
1199,1189,284,0,4
1199,1195,582,0,4
1201,1166,183,0,4
1201,1192,615,0,4
1202,1192,614,0,4
1202,1246,613,0,4
1206,1188,200,0,4
1210,1165,1064,0,4
1213,1231,761,0,4
1220,1171,1127,0,4
1223,1189,284,0,4
1223,1243,217,0,4
1230,1171,1094,0,4
1236,1189,114,0,4
1237,1189,284,0,4
1237,1195,582,0,4
1238,1192,547,0,4
1239,1184,1091,0,4
1241,1171,217,0,4
1241,1189,284,0,4
1241,1195,582,0,4
1243,1189,250,0,4
1243,1223,217,0,4
1245,1192,56,0,4
1246,1168,699,0,4
1246,1173,237,0,4
1246,1182,733,0,4
1246,1202,269,0,4
1246,1204,269,0,4
1246,1219,269,0,4
1249,1171,217,0,4
1249,1189,284,0,4
1250,1171,1094,0,4
1250,1183,1094,0,4
1250,1255,926,0,4
1253,1171,69,0,4
1255,1195,548,0,4
1255,1250,581,0,4
