127,1240,126,1,2
201,1238,235,3,0
206,1238,240,3,0
216,1179,1179,4,0
235,1238,269,3,0
240,1238,274,3,0
246,1237,280,3,0
247,1237,281,3,0
248,1237,282,3,0
249,1237,283,3,0
265,1238,299,3,0
267,1237,268,2,1
269,1238,303,3,0
274,1238,308,3,0
277,1237,278,2,1
280,1237,281,2,1
281,1237,282,2,1
283,1237,1237,4,0
303,1238,337,3,0
308,1238,342,3,0
313,1237,314,2,1
319,1220,318,1,2
342,1238,376,3,0
343,1194,377,3,0
345,1241,379,3,0
348,1189,314,0,3
367,1179,401,3,0
367,1201,401,3,0
376,1238,410,3,0
379,1241,413,3,0
405,1201,439,3,0
410,1238,444,3,0
411,1247,377,0,3
412,1241,413,2,1
412,1247,378,0,3
413,1241,447,3,0
413,1247,379,0,3
414,1247,380,0,3
415,1247,381,0,3
416,1247,382,0,3
437,1241,438,2,1
439,1201,473,3,0
444,1238,478,3,0
446,1241,447,2,1
447,1241,481,3,0
452,1237,418,0,3
466,1201,467,2,1
471,1241,472,2,1
473,1201,507,3,0
477,1238,478,2,1
478,1238,512,3,0
480,1241,481,2,1
481,1241,515,3,0
505,1237,506,2,1
505,1241,506,2,1
507,1201,541,3,0
508,1238,509,2,1
511,1238,512,2,1
512,1238,546,3,0
514,1241,515,2,1
515,1241,549,3,0
532,1201,533,2,1
539,1241,540,2,1
541,1201,575,3,0
542,1238,543,2,1
545,1201,579,3,0
545,1238,546,2,1
546,1238,1238,4,0
549,1241,1241,4,0
555,1225,554,1,2
569,1238,570,2,1
570,1238,571,2,1
571,1238,572,2,1
572,1238,573,2,1
573,1238,574,2,1
574,1238,575,2,1
575,1201,609,3,0
575,1238,576,2,1
576,1201,610,3,0
576,1238,577,2,1
579,1201,613,3,0
609,1201,643,3,0
610,1201,644,3,0
613,1201,647,3,0
619,1209,585,0,3
623,1180,622,1,2
637,1201,671,3,0
638,1201,672,3,0
639,1201,673,3,0
640,1201,674,3,0
641,1201,675,3,0
642,1201,676,3,0
643,1201,677,3,0
644,1201,678,3,0
647,1201,1201,4,0
681,1201,647,0,3
712,1201,678,0,3
715,1201,681,0,3
746,1201,712,0,3
749,1201,715,0,3
778,1218,812,3,0
780,1201,746,0,3
783,1201,749,0,3
785,1218,819,3,0
801,1201,802,2,1
814,1201,780,0,3
817,1201,783,0,3
819,1218,853,3,0
837,1204,838,2,1
848,1201,814,0,3
851,1201,817,0,3
853,1218,887,3,0
854,1247,855,2,1
872,1201,873,2,1
882,1201,848,0,3
885,1201,851,0,3
916,1201,882,0,3
919,1201,885,0,3
919,1214,885,0,3
930,1179,964,3,0
932,1223,931,1,2
950,1201,916,0,3
953,1201,919,0,3
960,1185,926,0,3
962,1237,996,3,0
972,1178,971,1,2
984,1201,950,0,3
987,1201,953,0,3
1012,1201,978,0,3
1018,1201,984,0,3
1021,1201,987,0,3
1046,1201,1012,0,3
1052,1201,1018,0,3
1055,1201,1021,0,3
1057,1211,1023,0,3
1057,1218,1218,4,0
1062,1244,1061,1,2
1081,1218,1082,2,1
1082,1201,1048,0,3
1082,1218,1083,2,1
1083,1218,1084,2,1
1084,1218,1085,2,1
1086,1201,1052,0,3
1089,1201,1055,0,3
1094,1237,1095,2,1
1112,1225,1078,0,3
1117,1201,1083,0,3
1120,1201,1086,0,3
1123,1201,1089,0,3
1152,1237,1153,2,1
1153,1201,1119,0,3
1154,1201,1120,0,3
1157,1247,81,0,4
1158,1247,217,0,4
1159,1201,700,0,4
1160,1238,512,0,4
1160,1247,15,0,4
1162,1237,582,0,4
1164,1228,376,0,4
1164,1241,344,0,4
1166,1219,83,0,4
1166,1247,82,0,4
1167,1247,14,0,4
1167,1248,47,0,4
1169,1247,82,0,4
1170,1237,278,0,4
1174,1201,700,0,4
1175,1247,183,0,4
1179,1194,216,0,4
1179,1195,216,0,4
1179,1197,216,0,4
1179,1236,216,0,4
1181,1247,183,0,4
1184,1238,546,0,4
1186,1238,546,0,4
1188,1240,135,0,4
1189,1205,317,0,4
1190,1241,507,0,4
1193,1216,1058,0,4
1194,1179,114,0,4
1195,1179,46,0,4
1195,1241,412,0,4
1196,1247,183,0,4
1197,1179,216,0,4
1197,1241,581,0,4
1197,1247,149,0,4
1198,1247,183,0,4
1199,1247,217,0,4
1200,1238,512,0,4
1200,1247,47,0,4
1201,1159,647,0,4
1201,1168,647,0,4
1201,1174,647,0,4
1201,1182,647,0,4
1201,1190,647,0,4
1201,1219,647,0,4
1201,1247,183,0,4
1203,1247,183,0,4
1205,1241,378,0,4
1207,1247,217,0,4
1208,1238,444,0,4
1209,1237,250,0,4
1214,1247,15,0,4
1216,1193,1058,0,4
1217,1238,512,0,4
1217,1247,47,0,4
1218,1240,1057,0,4
1218,1245,1057,0,4
1218,1248,1057,0,4
1219,1166,85,0,4
1223,1247,217,0,4
1228,1164,475,0,4
1231,1237,273,0,4
1235,1237,278,0,4
1236,1179,114,0,4
1236,1247,47,0,4
1237,1159,283,0,4
1237,1162,582,0,4
1237,1170,283,0,4
1237,1174,283,0,4
1237,1177,283,0,4
1237,1180,283,0,4
1237,1183,283,0,4
1237,1209,250,0,4
1237,1210,283,0,4
1237,1215,283,0,4
1237,1225,283,0,4
1237,1229,283,0,4
1237,1231,283,0,4
1237,1235,283,0,4
1237,1246,283,0,4
1237,1254,283,0,4
1238,1159,546,0,4
1238,1160,546,0,4
1238,1172,546,0,4
1238,1174,546,0,4
1238,1178,546,0,4
1238,1184,546,0,4
1238,1186,546,0,4
1238,1190,546,0,4
1238,1192,546,0,4
1238,1200,546,0,4
1238,1208,546,0,4
1238,1214,546,0,4
1238,1215,546,0,4
1238,1217,546,0,4
1238,1222,546,0,4
1238,1227,546,0,4
1238,1228,546,0,4
1238,1231,546,0,4
1238,1246,546,0,4
1238,1247,115,0,4
1238,1252,546,0,4
1238,1254,546,0,4
1240,1185,123,0,4
1240,1188,123,0,4
1241,1157,549,0,4
1241,1160,549,0,4
1241,1164,549,0,4
1241,1167,549,0,4
1241,1178,549,0,4
1241,1190,549,0,4
1241,1194,549,0,4
1241,1195,549,0,4
1241,1197,582,0,4
1241,1200,549,0,4
1241,1205,549,0,4
1241,1208,549,0,4
1241,1217,549,0,4
1241,1222,549,0,4
1241,1227,549,0,4
1241,1228,549,0,4
1241,1236,549,0,4
1241,1247,549,0,4
1241,1252,549,0,4
1242,1247,183,0,4
1247,1156,377,0,4
1247,1157,1135,0,4
1247,1158,1135,0,4
1247,1160,1103,0,4
1247,1162,377,0,4
1247,1163,377,0,4
1247,1166,1135,0,4
1247,1167,1135,0,4
1247,1169,1135,0,4
1247,1171,377,0,4
1247,1175,1135,0,4
1247,1179,377,0,4
1247,1181,1135,0,4
1247,1187,377,0,4
1247,1189,377,0,4
1247,1196,1135,0,4
1247,1197,1135,0,4
1247,1198,1135,0,4
1247,1199,1135,0,4
1247,1200,1135,0,4
1247,1201,1135,0,4
1247,1203,1135,0,4
1247,1207,1135,0,4
1247,1209,377,0,4
1247,1211,377,0,4
1247,1214,1103,0,4
1247,1217,1135,0,4
1247,1221,377,0,4
1247,1223,1135,0,4
1247,1224,377,0,4
1247,1236,1135,0,4
1247,1237,377,0,4
1247,1238,1135,0,4
1247,1241,377,0,4
1247,1242,1135,0,4
1247,1243,377,0,4
1247,1249,377,0,4
1247,1251,1135,0,4
1247,1255,1135,0,4
1248,1167,1024,0,4
1251,1247,183,0,4
1255,1247,116,0,4
