0,1232,1122,3,2
18,1232,19,1,0
31,1232,1153,3,3
34,1232,0,0,1
47,1215,46,1,2
52,1232,53,2,1
59,1229,60,2,1
65,1232,31,0,2
68,1232,34,0,2
78,1169,79,2,1
79,1169,80,2,1
80,1169,81,2,1
81,1169,1169,4,0
86,1232,87,2,1
93,1178,127,3,0
93,1229,94,2,1
99,1232,65,0,3
102,1232,68,0,2
109,1229,143,3,0
110,1229,144,3,0
120,1232,121,2,1
126,1229,160,3,0
133,1232,99,0,3
136,1232,102,0,2
145,1166,146,2,1
146,1166,147,2,1
147,1166,148,2,1
148,1166,1166,4,0
149,1248,148,1,2
155,1232,156,2,1
161,1252,195,3,0
167,1232,133,0,3
170,1232,136,0,2
178,1228,144,0,3
191,1232,192,2,1
201,1232,167,0,3
204,1232,170,0,2
220,1252,186,0,3
226,1232,227,2,1
235,1232,201,0,3
238,1232,204,0,2
269,1232,235,0,3
272,1232,238,0,2
276,1249,310,3,0
278,1166,279,2,1
296,1232,262,0,3
303,1232,269,0,3
306,1232,272,0,2
320,1255,319,1,2
331,1232,297,0,3
337,1232,303,0,3
340,1232,306,0,2
365,1232,331,0,3
370,1214,371,2,1
371,1232,337,0,3
372,1185,371,1,2
374,1232,340,0,2
401,1232,367,0,3
405,1232,371,0,3
408,1232,374,0,2
410,1226,376,0,3
417,1166,383,0,3
417,1224,383,0,3
431,1159,432,2,1
431,1224,397,0,3
436,1232,402,0,3
437,1168,436,1,2
439,1232,405,0,3
441,1228,440,1,2
442,1232,408,0,2
453,1166,419,0,3
469,1185,468,1,2
471,1171,472,2,1
472,1232,438,0,3
473,1232,439,0,3
478,1211,512,3,0
487,1166,453,0,3
507,1232,473,0,3
513,1166,512,1,2
514,1166,513,1,2
519,1231,518,1,2
529,1166,530,2,1
536,1209,537,2,1
547,1166,546,1,2
563,1166,564,2,1
570,1159,536,0,3
581,1166,580,1,2
606,1159,572,0,3
623,1163,622,1,2
650,1163,649,1,2
666,1159,665,1,2
666,1163,667,2,1
667,1159,666,1,2
684,1163,683,1,2
685,1163,684,1,2
686,1163,685,1,2
700,1159,699,1,2
700,1163,701,2,1
721,1234,755,3,0
732,1166,766,3,0
734,1159,733,1,2
734,1163,735,2,1
735,1159,734,1,2
745,1233,711,0,3
761,1169,795,3,0
768,1163,769,2,1
776,1176,777,2,1
793,1166,827,3,0
802,1163,803,2,1
803,1238,837,3,0
810,1216,811,2,1
816,1231,817,1,1
826,1166,860,3,0
836,1163,837,2,1
849,1178,848,1,2
851,1159,885,3,0
858,1166,892,3,0
870,1163,871,2,1
892,1166,926,3,0
904,1163,905,2,1
907,1204,941,3,0
930,1163,964,3,0
934,1228,968,3,0
946,1159,980,3,0
963,1163,997,3,0
979,1159,1013,3,0
993,1196,1027,3,0
1011,1159,1045,3,0
1027,1179,1061,3,0
1043,1230,1044,2,1
1045,1159,1079,3,0
1061,1163,1095,3,0
1095,1163,1129,3,0
1122,1232,1232,4,0
1127,1163,1128,2,1
1140,1232,1141,2,1
1147,1240,1113,0,3
1158,1166,217,0,4
1159,1173,699,0,4
1159,1175,235,0,4
1159,1181,699,0,4
1159,1182,699,0,4
1159,1190,302,0,4
1159,1198,235,0,4
1159,1201,699,0,4
1159,1202,699,0,4
1159,1203,235,0,4
1159,1204,699,0,4
1159,1219,699,0,4
1159,1242,699,0,4
1159,1251,699,0,4
1160,1169,81,0,4
1161,1239,1090,0,4
1163,1159,649,0,4
1163,1161,649,0,4
1163,1165,649,0,4
1163,1168,351,0,4
1163,1174,284,0,4
1163,1176,649,0,4
1163,1185,649,0,4
1163,1188,649,0,4
1163,1193,649,0,4
1163,1212,649,0,4
1163,1213,649,0,4
1163,1216,649,0,4
1163,1218,649,0,4
1163,1220,649,0,4
1163,1226,649,0,4
1163,1230,649,0,4
1163,1232,649,0,4
1163,1239,649,0,4
1163,1244,649,0,4
1163,1246,649,0,4
1163,1248,649,0,4
1163,1250,649,0,4
1163,1253,649,0,4
1166,1156,579,0,4
1166,1158,149,0,4
1166,1161,546,0,4
1166,1162,546,0,4
1166,1163,546,0,4
1166,1176,546,0,4
1166,1179,546,0,4
1166,1187,546,0,4
1166,1189,546,0,4
1166,1196,148,0,4
1166,1199,579,0,4
1166,1207,149,0,4
1166,1209,546,0,4
1166,1211,579,0,4
1166,1216,546,0,4
1166,1218,546,0,4
1166,1221,579,0,4
1166,1223,579,0,4
1166,1224,546,0,4
1166,1232,546,0,4
1166,1237,579,0,4
1166,1239,546,0,4
1166,1241,579,0,4
1166,1243,148,0,4
1166,1248,546,0,4
1166,1249,579,0,4
1167,1169,47,0,4
1168,1163,598,0,4
1168,1221,266,0,4
1168,1222,300,0,4
1169,1160,81,0,4
1169,1167,81,0,4
1169,1170,81,0,4
1169,1195,81,0,4
1169,1200,81,0,4
1169,1205,81,0,4
1169,1208,81,0,4
1169,1210,81,0,4
1169,1214,81,0,4
1169,1217,81,0,4
1169,1235,81,0,4
1169,1236,81,0,4
1170,1249,310,0,4
1174,1163,268,0,4
1175,1159,182,0,4
1175,1196,614,0,4
1179,1221,283,0,4
1186,1246,544,0,4
1189,1234,616,0,4
1190,1159,506,0,4
1191,1246,612,0,4
1191,1255,579,0,4
1196,1166,182,0,4
1196,1175,614,0,4
1198,1159,182,0,4
1203,1159,182,0,4
1204,1227,612,0,4
1206,1210,199,0,4
1207,1166,217,0,4
1208,1169,1135,0,4
1210,1206,174,0,4
1211,1166,580,0,4
1211,1167,580,0,4
1211,1228,580,0,4
1214,1169,81,0,4
1217,1169,81,0,4
1221,1166,648,0,4
1221,1168,250,0,4
1221,1179,283,0,4
1224,1238,549,0,4
1227,1204,408,0,4
1229,1157,144,0,4
1229,1160,144,0,4
1229,1161,144,0,4
1229,1164,144,0,4
1229,1165,144,0,4
1229,1166,144,0,4
1229,1167,144,0,4
1229,1169,144,0,4
1229,1170,144,0,4
1229,1176,144,0,4
1229,1180,144,0,4
1229,1182,144,0,4
1229,1183,144,0,4
1229,1184,144,0,4
1229,1185,144,0,4
1229,1186,144,0,4
1229,1188,144,0,4
1229,1190,144,0,4
1229,1191,144,0,4
1229,1192,144,0,4
1229,1193,144,0,4
1229,1194,144,0,4
1229,1195,144,0,4
1229,1200,144,0,4
1229,1204,144,0,4
1229,1205,144,0,4
1229,1208,144,0,4
1229,1212,144,0,4
1229,1213,144,0,4
1229,1214,144,0,4
1229,1216,144,0,4
1229,1217,144,0,4
1229,1218,144,0,4
1229,1219,144,0,4
1229,1220,144,0,4
1229,1222,144,0,4
1229,1226,144,0,4
1229,1227,144,0,4
1229,1228,144,0,4
1229,1230,144,0,4
1229,1232,144,0,4
1229,1233,144,0,4
1229,1234,144,0,4
1229,1235,144,0,4
1229,1236,144,0,4
1229,1238,144,0,4
1229,1239,144,0,4
1229,1244,144,0,4
1229,1245,144,0,4
1229,1247,144,0,4
1229,1248,144,0,4
1229,1250,144,0,4
1229,1252,144,0,4
1229,1253,144,0,4
1234,1189,343,0,4
1236,1169,80,0,4
1238,1224,546,0,4
1239,1161,1090,0,4
1243,1166,182,0,4
1246,1186,268,0,4
1246,1191,268,0,4
1249,1170,548,0,4
1255,1191,579,0,4
