19,1196,18,0,1
28,1187,1150,3,3
48,1160,47,1,2
67,1204,34,2,3
82,1160,81,1,2
83,1204,1204,4,0
86,1160,85,1,2
87,1160,86,1,2
88,1160,87,1,2
89,1160,88,1,2
90,1186,56,0,3
92,1180,126,3,0
101,1204,68,2,3
115,1191,1191,4,0
115,1196,114,1,2
116,1160,115,1,2
116,1204,1204,4,0
120,1160,119,1,2
133,1191,134,2,1
134,1204,135,2,1
136,1204,137,1,1
146,1191,112,0,3
146,1210,145,1,2
147,1191,113,0,3
148,1191,114,0,3
149,1191,115,0,3
150,1160,149,1,2
154,1160,153,1,2
157,1240,123,0,3
158,1240,124,0,3
159,1240,125,0,3
160,1240,126,0,3
164,1160,198,3,0
167,1191,168,2,1
168,1204,169,2,1
172,1191,173,2,1
177,1195,143,0,3
184,1160,183,1,2
188,1160,187,1,2
196,1160,230,3,0
206,1204,207,2,1
215,1218,214,1,2
217,1194,216,1,2
222,1160,221,1,2
230,1160,264,3,0
242,1204,243,2,1
256,1160,255,1,2
277,1191,278,2,1
277,1204,278,2,1
280,1239,314,3,0
290,1160,289,1,2
296,1179,262,0,3
317,1244,316,1,2
324,1160,323,1,2
329,1160,330,2,1
341,1255,375,3,0
351,1163,317,0,3
361,1163,327,0,3
368,1156,369,2,1
382,1191,348,0,3
382,1204,348,0,3
395,1160,396,2,1
401,1216,400,1,2
415,1244,449,3,0
416,1191,382,0,3
416,1204,382,0,3
434,1189,433,1,2
452,1191,418,0,3
452,1204,418,0,3
466,1224,500,3,0
486,1204,452,0,3
538,1249,539,2,1
557,1191,523,0,3
557,1204,523,0,3
591,1164,590,1,2
597,1164,596,1,2
625,1164,624,1,2
631,1164,630,1,2
634,1240,635,2,1
648,1187,1187,4,0
659,1164,658,1,2
665,1164,664,1,2
666,1187,667,2,1
682,1187,648,0,3
693,1164,692,1,2
700,1187,701,2,1
709,1187,675,0,3
716,1187,682,0,3
727,1164,726,1,2
734,1187,735,2,1
735,1159,701,0,3
743,1187,709,0,3
750,1187,716,0,3
761,1164,760,1,2
762,1204,796,3,0
768,1187,769,2,1
777,1187,743,0,3
783,1185,784,2,1
784,1187,750,0,3
794,1191,828,3,0
794,1204,828,3,0
795,1164,794,1,2
802,1187,803,2,1
811,1187,777,0,3
818,1187,784,0,3
829,1164,828,1,2
836,1187,837,2,1
844,1225,843,1,2
845,1187,811,0,3
852,1187,818,0,3
863,1164,862,1,2
870,1187,871,2,1
871,1181,905,3,0
879,1187,845,0,3
886,1187,852,0,3
893,1191,927,3,0
893,1204,927,3,0
901,1222,902,2,1
904,1187,905,2,1
913,1187,879,0,3
920,1187,886,0,3
920,1218,954,3,0
939,1187,940,2,1
940,1248,941,2,1
947,1187,913,0,3
954,1187,920,0,3
973,1187,974,2,1
981,1187,947,0,3
988,1187,954,0,3
992,1191,993,2,1
992,1204,993,2,1
1015,1187,981,0,3
1022,1187,988,0,3
1045,1246,1079,3,0
1046,1193,1047,2,1
1049,1187,1015,0,3
1057,1191,1058,2,1
1060,1224,1061,2,1
1062,1246,1028,0,3
1067,1164,1101,3,0
1073,1164,1107,3,0
1074,1164,1108,3,0
1075,1164,1109,3,0
1076,1164,1110,3,0
1077,1164,1111,3,0
1079,1187,1045,0,3
1083,1187,1049,0,3
1091,1204,1092,2,1
1113,1187,1079,0,3
1117,1187,1083,0,3
1123,1204,1124,2,1
1126,1212,1092,0,3
1151,1187,1117,0,3
1158,1209,249,0,4
1160,1182,81,0,4
1160,1186,511,0,4
1160,1204,81,0,4
1160,1219,81,0,4
1160,1233,81,0,4
1160,1240,81,0,4
1160,1245,47,0,4
1163,1206,317,0,4
1164,1227,1101,0,4
1164,1228,1101,0,4
1164,1252,1101,0,4
1165,1220,1125,0,4
1166,1191,115,0,4
1166,1204,115,0,4
1167,1191,47,0,4
1169,1191,115,0,4
1169,1204,115,0,4
1171,1204,149,0,4
1175,1204,150,0,4
1177,1204,110,0,4
1181,1204,150,0,4
1184,1204,48,0,4
1185,1191,134,0,4
1186,1160,511,0,4
1187,1173,648,0,4
1187,1182,648,0,4
1187,1202,648,0,4
1187,1204,648,0,4
1187,1219,648,0,4
1187,1224,582,0,4
1191,1157,115,0,4
1191,1164,115,0,4
1191,1165,115,0,4
1191,1166,115,0,4
1191,1167,115,0,4
1191,1169,115,0,4
1191,1170,115,0,4
1191,1177,115,0,4
1191,1180,115,0,4
1191,1183,115,0,4
1191,1185,115,0,4
1191,1188,115,0,4
1191,1194,115,0,4
1191,1195,115,0,4
1191,1200,115,0,4
1191,1204,116,0,4
1191,1205,115,0,4
1191,1208,115,0,4
1191,1210,115,0,4
1191,1212,115,0,4
1191,1217,115,0,4
1191,1220,115,0,4
1191,1225,115,0,4
1191,1229,115,0,4
1191,1230,115,0,4
1191,1234,115,0,4
1191,1235,115,0,4
1191,1236,115,0,4
1191,1244,115,0,4
1191,1247,115,0,4
1191,1250,115,0,4
1191,1253,115,0,4
1197,1204,149,0,4
1198,1204,150,0,4
1200,1191,81,0,4
1201,1204,150,0,4
1202,1187,646,0,4
1203,1204,150,0,4
1204,1157,83,0,4
1204,1160,83,0,4
1204,1164,83,0,4
1204,1165,83,0,4
1204,1166,116,0,4
1204,1167,83,0,4
1204,1169,116,0,4
1204,1170,83,0,4
1204,1171,116,0,4
1204,1175,116,0,4
1204,1177,116,0,4
1204,1180,83,0,4
1204,1181,116,0,4
1204,1183,83,0,4
1204,1184,83,0,4
1204,1187,679,0,4
1204,1188,83,0,4
1204,1191,116,0,4
1204,1192,83,0,4
1204,1194,83,0,4
1204,1195,83,0,4
1204,1197,116,0,4
1204,1198,116,0,4
1204,1200,83,0,4
1204,1201,116,0,4
1204,1203,116,0,4
1204,1205,83,0,4
1204,1208,83,0,4
1204,1210,83,0,4
1204,1212,83,0,4
1204,1214,83,0,4
1204,1217,83,0,4
1204,1220,83,0,4
1204,1225,83,0,4
1204,1227,83,0,4
1204,1229,116,0,4
1204,1230,83,0,4
1204,1231,83,0,4
1204,1233,116,0,4
1204,1234,83,0,4
1204,1235,83,0,4
1204,1236,83,0,4
1204,1238,116,0,4
1204,1244,83,0,4
1204,1247,83,0,4
1204,1250,83,0,4
1204,1252,83,0,4
1204,1253,83,0,4
1208,1191,1135,0,4
1209,1158,249,0,4
1209,1221,283,0,4
1210,1255,141,0,4
1212,1191,1093,0,4
1212,1204,1093,0,4
1217,1191,81,0,4
1219,1220,679,0,4
1220,1165,1125,0,4
1220,1204,1126,0,4
1220,1219,792,0,4
1221,1209,283,0,4
1224,1187,582,0,4
1227,1204,1068,0,4
1230,1191,1126,0,4
1230,1204,1126,0,4
1231,1204,933,0,4
1233,1204,116,0,4
1238,1204,115,0,4
1240,1159,123,0,4
1240,1168,123,0,4
1240,1174,123,0,4
1240,1206,123,0,4
1240,1215,123,0,4
1240,1246,123,0,4
1240,1254,123,0,4
1247,1191,1134,0,4
1252,1204,1069,0,4
1255,1172,579,0,4
