6,1172,7,1,0
11,1170,1133,3,3
21,1170,1143,3,3
22,1170,1144,3,3
23,1170,1145,3,3
62,1245,61,1,2
79,1170,78,1,2
111,1172,77,0,3
113,1170,112,1,2
147,1170,146,1,2
157,1170,156,1,2
191,1170,190,1,2
225,1193,224,1,2
298,1235,299,2,1
309,1211,343,3,0
326,1246,327,2,1
333,1207,367,3,0
398,1182,432,3,0
399,1207,433,3,0
431,1246,432,2,1
447,1157,446,1,2
455,1172,489,3,0
466,1246,432,0,3
488,1158,487,1,2
526,1228,560,3,0
532,1207,533,2,1
554,1172,588,3,0
570,1246,536,0,3
586,1172,620,3,0
603,1196,604,2,1
605,1207,639,3,0
606,1207,640,3,0
606,1246,572,0,3
613,1207,647,3,0
614,1236,580,0,3
623,1228,657,3,0
632,1170,631,1,2
633,1170,634,2,1
636,1207,670,3,0
637,1207,671,3,0
638,1207,672,3,0
639,1207,673,3,0
640,1207,674,3,0
640,1246,606,0,3
641,1207,675,3,0
642,1207,676,3,0
647,1207,1207,4,0
647,1246,613,0,3
665,1207,666,2,1
666,1168,632,0,3
666,1170,665,1,2
669,1170,670,2,1
676,1246,642,0,3
681,1207,647,0,3
681,1246,682,2,1
683,1209,649,0,3
692,1170,691,1,2
699,1207,700,2,1
699,1246,698,1,2
700,1170,699,1,2
710,1207,676,0,3
715,1207,681,0,3
726,1170,725,1,2
733,1207,734,2,1
734,1170,733,1,2
739,1170,705,0,3
744,1207,710,0,3
749,1207,715,0,3
752,1172,753,2,1
760,1170,759,1,2
767,1207,768,2,1
768,1170,767,1,2
773,1170,739,0,3
778,1207,744,0,3
783,1207,749,0,3
784,1172,785,2,1
794,1170,793,1,2
794,1248,793,1,2
801,1207,802,2,1
802,1170,801,1,2
809,1170,775,0,3
812,1207,778,0,3
817,1207,783,0,3
828,1170,827,1,2
835,1207,836,2,1
836,1170,835,1,2
844,1170,810,0,3
846,1207,812,0,3
851,1207,817,0,3
862,1170,861,1,2
869,1207,870,2,1
870,1170,869,1,2
878,1170,879,2,1
880,1207,846,0,3
883,1172,850,2,3
885,1207,851,0,3
886,1211,852,0,3
896,1170,895,1,2
897,1213,896,1,2
904,1170,903,1,2
904,1207,905,2,1
912,1170,913,2,1
914,1207,880,0,3
916,1172,917,2,1
919,1207,885,0,3
924,1186,890,0,3
925,1250,1250,4,0
927,1244,893,0,3
930,1170,929,1,2
932,1172,1172,4,0
938,1170,937,1,2
940,1207,941,2,1
946,1170,947,2,1
948,1207,914,0,3
950,1172,951,2,1
953,1207,919,0,3
956,1244,990,3,0
961,1172,927,0,3
962,1172,928,0,3
963,1172,929,0,3
964,1170,963,1,2
964,1172,930,0,3
965,1172,931,0,3
966,1172,932,0,3
972,1170,971,1,2
980,1170,981,2,1
982,1207,948,0,3
984,1172,985,2,1
987,1207,953,0,3
995,1228,996,2,1
996,1228,997,2,1
997,1228,998,2,1
998,1170,997,1,2
998,1228,999,2,1
999,1228,1000,2,1
1000,1228,1001,2,1
1001,1228,1002,2,1
1002,1228,1228,4,0
1006,1170,1005,1,2
1014,1170,1015,2,1
1016,1207,982,0,3
1021,1172,1022,2,1
1021,1207,987,0,3
1032,1170,1031,1,2
1040,1170,1039,1,2
1048,1170,1049,2,1
1050,1207,1016,0,3
1055,1207,1021,0,3
1057,1172,1058,2,1
1066,1170,1065,1,2
1074,1170,1073,1,2
1080,1207,1046,0,3
1082,1170,1083,2,1
1084,1207,1050,0,3
1100,1170,1099,1,2
1116,1170,1117,2,1
1118,1207,1084,0,3
1151,1207,1117,0,3
1152,1207,1118,0,3
1156,1234,616,0,4
1166,1198,148,0,4
1168,1207,633,0,4
1168,1246,267,0,4
1169,1170,114,0,4
1170,1157,43,0,4
1170,1160,1133,0,4
1170,1166,43,0,4
1170,1167,1133,0,4
1170,1169,43,0,4
1170,1182,43,0,4
1170,1184,1133,0,4
1170,1186,1133,0,4
1170,1190,1099,0,4
1170,1191,43,0,4
1170,1192,1133,0,4
1170,1194,1133,0,4
1170,1195,310,0,4
1170,1200,1133,0,4
1170,1202,43,0,4
1170,1204,43,0,4
1170,1214,1133,0,4
1170,1217,1133,0,4
1170,1219,43,0,4
1170,1227,1099,0,4
1170,1228,1099,0,4
1170,1233,43,0,4
1170,1236,310,0,4
1170,1238,43,0,4
1170,1240,43,0,4
1170,1245,1133,0,4
1170,1247,1133,0,4
1170,1252,1099,0,4
1170,1255,43,0,4
1171,1211,580,0,4
1172,1161,932,0,4
1172,1165,932,0,4
1172,1176,932,0,4
1172,1193,932,0,4
1172,1204,967,0,4
1172,1210,932,0,4
1172,1212,932,0,4
1172,1213,932,0,4
1172,1216,932,0,4
1172,1218,932,0,4
1172,1220,932,0,4
1172,1226,932,0,4
1172,1230,932,0,4
1172,1232,932,0,4
1172,1239,932,0,4
1172,1244,932,0,4
1172,1248,932,0,4
1172,1250,932,0,4
1173,1207,647,0,4
1173,1246,183,0,4
1176,1230,1023,0,4
1181,1207,647,0,4
1182,1246,745,0,4
1187,1221,283,0,4
1193,1228,826,0,4
1195,1170,344,0,4
1198,1166,182,0,4
1198,1207,647,0,4
1198,1240,150,0,4
1201,1207,647,0,4
1204,1172,83,0,4
1206,1238,565,0,4
1207,1168,647,0,4
1207,1173,647,0,4
1207,1181,647,0,4
1207,1182,647,0,4
1207,1191,647,0,4
1207,1198,647,0,4
1207,1201,647,0,4
1207,1202,647,0,4
1207,1204,647,0,4
1207,1219,647,0,4
1207,1233,647,0,4
1208,1214,410,0,4
1209,1182,581,0,4
1211,1171,580,0,4
1211,1231,547,0,4
1212,1228,893,0,4
1213,1231,760,0,4
1214,1208,478,0,4
1219,1246,678,0,4
1220,1228,827,0,4
1221,1187,283,0,4
1228,1161,1002,0,4
1228,1165,1002,0,4
1228,1172,1002,0,4
1228,1188,1002,0,4
1228,1193,1002,0,4
1228,1212,1002,0,4
1228,1213,1002,0,4
1228,1218,1002,0,4
1228,1220,1002,0,4
1228,1226,1002,0,4
1228,1230,1002,0,4
1228,1231,1002,0,4
1228,1232,1002,0,4
1228,1239,1002,0,4
1228,1244,1002,0,4
1228,1253,1002,0,4
1228,1254,1002,0,4
1230,1176,1058,0,4
1230,1228,827,0,4
1234,1156,343,0,4
1236,1170,412,0,4
1238,1206,546,0,4
1240,1198,156,0,4
1241,1243,581,0,4
1243,1241,581,0,4
1244,1228,860,0,4
1246,1168,268,0,4
1246,1173,236,0,4
1246,1182,732,0,4
1246,1202,268,0,4
1246,1204,268,0,4
1246,1219,268,0,4
1247,1170,1134,0,4
1250,1156,925,0,4
1250,1158,925,0,4
1250,1162,925,0,4
1250,1163,925,0,4
1250,1171,925,0,4
1250,1173,925,0,4
1250,1175,925,0,4
1250,1179,925,0,4
1250,1181,925,0,4
1250,1182,925,0,4
1250,1187,925,0,4
1250,1189,925,0,4
1250,1196,925,0,4
1250,1198,925,0,4
1250,1199,925,0,4
1250,1201,925,0,4
1250,1202,925,0,4
1250,1203,925,0,4
1250,1207,925,0,4
1250,1209,925,0,4
1250,1211,925,0,4
1250,1219,925,0,4
1250,1221,925,0,4
1250,1223,925,0,4
1250,1224,925,0,4
1250,1237,925,0,4
1250,1240,925,0,4
1250,1241,925,0,4
1250,1242,925,0,4
1250,1243,925,0,4
1250,1245,925,0,4
1250,1249,925,0,4
1250,1251,925,0,4
1254,1228,798,0,4
1255,1170,149,0,4
