2,1221,1124,3,3
5,1180,39,2,0
6,1183,40,2,0
26,1183,27,1,0
39,1183,40,2,1
40,1183,74,3,0
60,1183,61,2,1
73,1183,74,2,1
74,1183,1183,4,0
92,1183,93,2,1
93,1183,94,2,1
94,1183,95,2,1
102,1184,136,2,0
131,1217,130,1,2
165,1184,199,3,0
181,1171,1171,4,0
199,1171,200,2,1
213,1171,179,0,3
214,1171,180,0,3
215,1171,181,0,3
218,1213,217,1,2
222,1213,221,1,2
233,1171,234,2,1
236,1185,235,1,2
243,1177,1177,4,0
247,1221,248,2,1
248,1221,249,2,1
249,1221,1221,4,0
252,1213,251,1,2
256,1213,255,1,2
259,1213,260,2,1
272,1185,305,3,2
274,1216,240,0,3
277,1171,278,2,1
277,1177,243,0,3
286,1213,285,1,2
290,1213,289,1,2
293,1213,294,2,1
298,1177,264,0,3
311,1177,277,0,3
320,1213,319,1,2
324,1213,323,1,2
329,1213,330,2,1
332,1177,298,0,3
345,1177,311,0,3
354,1213,353,1,2
358,1213,357,1,2
366,1177,332,0,3
379,1177,345,0,3
388,1213,387,1,2
391,1228,392,2,1
392,1213,391,1,2
397,1177,398,2,1
399,1213,365,0,3
400,1177,366,0,3
400,1208,401,2,1
408,1178,441,3,2
410,1240,409,1,2
413,1177,379,0,3
416,1171,382,0,3
422,1213,421,1,2
426,1213,425,1,2
431,1177,432,2,1
433,1213,399,0,3
434,1177,400,0,3
436,1244,437,2,1
444,1240,443,1,2
447,1177,413,0,3
447,1240,448,2,1
448,1167,447,1,2
449,1189,415,0,3
456,1213,455,1,2
460,1213,459,1,2
465,1177,466,2,1
468,1177,434,0,3
469,1213,435,0,3
478,1240,477,1,2
481,1177,447,0,3
490,1213,489,1,2
494,1213,493,1,2
498,1197,499,2,1
499,1177,500,2,1
502,1177,468,0,3
504,1213,470,0,3
510,1184,1184,4,0
512,1240,511,1,2
515,1177,481,0,3
524,1213,523,1,2
527,1215,561,3,0
528,1213,527,1,2
533,1177,534,2,1
536,1177,502,0,3
537,1184,538,2,1
538,1184,539,2,1
539,1184,540,2,1
540,1184,541,2,1
540,1213,506,0,3
540,1240,539,1,2
541,1184,542,2,1
546,1240,545,1,2
549,1177,515,0,3
558,1213,557,1,2
562,1213,561,1,2
567,1177,568,2,1
570,1177,536,0,3
574,1213,575,2,1
574,1240,573,1,2
580,1240,579,1,2
583,1177,549,0,3
587,1240,553,0,3
592,1213,591,1,2
596,1213,595,1,2
601,1177,602,2,1
604,1177,570,0,3
608,1213,609,2,1
608,1240,607,1,2
614,1240,613,1,2
619,1241,585,0,3
621,1240,587,0,3
623,1250,622,1,2
626,1213,625,1,2
630,1213,629,1,2
635,1177,636,2,1
635,1178,636,2,1
638,1177,604,0,3
642,1213,643,2,1
642,1240,641,1,2
648,1240,647,1,2
658,1240,624,0,3
660,1213,659,1,2
664,1213,663,1,2
664,1217,698,3,0
669,1177,670,2,1
672,1177,638,0,3
676,1213,677,2,1
676,1240,675,1,2
682,1240,681,1,2
692,1240,693,2,1
694,1213,693,1,2
703,1177,704,2,1
706,1177,672,0,3
710,1213,711,2,1
710,1240,709,1,2
715,1161,749,3,0
716,1240,715,1,2
726,1240,727,2,1
740,1177,706,0,3
744,1240,743,1,2
749,1161,783,3,0
750,1240,749,1,2
760,1240,761,2,1
774,1177,740,0,3
778,1240,777,1,2
783,1161,817,3,0
783,1232,817,3,0
784,1240,783,1,2
794,1240,795,2,1
808,1177,774,0,3
812,1240,811,1,2
817,1161,851,3,0
818,1240,817,1,2
828,1240,829,2,1
846,1240,845,1,2
851,1161,885,3,0
852,1240,851,1,2
857,1214,891,3,0
862,1240,863,2,1
871,1201,905,3,0
880,1240,879,1,2
885,1161,919,3,0
888,1206,889,2,1
894,1171,928,3,0
894,1175,893,1,2
896,1240,897,2,1
914,1240,913,1,2
915,1161,916,2,1
918,1161,919,1,1
919,1161,953,3,0
926,1171,960,3,0
949,1161,950,2,1
952,1161,953,1,1
953,1161,987,3,0
962,1221,996,3,0
983,1161,984,2,1
986,1161,987,1,1
987,1161,1021,3,0
1017,1161,1018,2,1
1020,1161,1021,1,1
1021,1161,1055,3,0
1026,1171,1027,2,1
1028,1225,1029,2,1
1029,1156,1028,1,2
1051,1161,1052,2,1
1054,1161,1055,1,1
1055,1161,1089,3,0
1057,1244,1091,3,0
1085,1161,1086,2,1
1088,1161,1089,1,1
1089,1161,1161,4,0
1091,1171,1092,2,1
1094,1183,1128,3,0
1115,1161,1116,2,1
1116,1161,1117,2,1
1116,1175,1115,1,2
1117,1161,1118,2,1
1118,1161,1119,2,1
1119,1161,1120,2,1
1128,1183,6,3,3
1157,1221,113,0,4
1159,1171,235,0,4
1159,1177,268,0,4
1159,1213,732,0,4
1161,1218,1090,0,4
1161,1240,1089,0,4
1161,1245,1089,0,4
1163,1176,683,0,4
1171,1159,181,0,4
1171,1170,181,0,4
1171,1177,181,0,4
1171,1180,181,0,4
1171,1183,181,0,4
1171,1195,181,0,4
1171,1210,181,0,4
1171,1215,181,0,4
1171,1225,181,0,4
1171,1229,181,0,4
1171,1235,181,0,4
1171,1244,181,0,4
1171,1246,181,0,4
1171,1250,181,0,4
1171,1254,181,0,4
1172,1184,340,0,4
1176,1163,956,0,4
1177,1159,243,0,4
1177,1168,243,0,4
1177,1172,243,0,4
1177,1174,243,0,4
1177,1178,243,0,4
1177,1190,243,0,4
1177,1215,243,0,4
1177,1222,243,0,4
1177,1231,243,0,4
1178,1160,440,0,4
1178,1184,440,0,4
1178,1186,440,0,4
1178,1191,440,0,4
1178,1214,440,0,4
1178,1233,440,0,4
1180,1213,107,0,4
1182,1253,85,0,4
1183,1161,74,0,4
1183,1165,74,0,4
1183,1188,74,0,4
1183,1212,74,0,4
1183,1213,74,0,4
1183,1216,74,0,4
1183,1218,74,0,4
1183,1220,74,0,4
1183,1226,74,0,4
1183,1230,74,0,4
1183,1232,74,0,4
1183,1239,74,0,4
1183,1244,74,0,4
1183,1253,74,0,4
1184,1159,510,0,4
1184,1168,510,0,4
1184,1172,510,0,4
1184,1174,510,0,4
1184,1178,510,0,4
1184,1185,510,0,4
1184,1190,510,0,4
1184,1215,510,0,4
1184,1222,510,0,4
1184,1228,510,0,4
1184,1246,510,0,4
1184,1254,510,0,4
1185,1231,167,0,4
1188,1213,68,0,4
1195,1171,79,0,4
1198,1203,614,0,4
1203,1198,614,0,4
1204,1233,612,0,4
1205,1221,44,0,4
1213,1159,727,0,4
1213,1168,693,0,4
1213,1185,693,0,4
1213,1188,35,0,4
1213,1206,693,0,4
1213,1253,35,0,4
1215,1171,235,0,4
1215,1177,268,0,4
1218,1161,1090,0,4
1220,1250,826,0,4
1221,1157,249,0,4
1221,1194,249,0,4
1221,1195,249,0,4
1221,1196,249,0,4
1221,1205,249,0,4
1221,1211,249,0,4
1221,1236,249,0,4
1221,1243,249,0,4
1221,1249,249,0,4
1233,1204,612,0,4
1241,1161,582,0,4
1241,1165,582,0,4
1241,1176,582,0,4
1241,1185,582,0,4
1241,1188,582,0,4
1241,1193,582,0,4
1241,1212,582,0,4
1241,1213,582,0,4
1241,1216,582,0,4
1241,1218,582,0,4
1241,1220,582,0,4
1241,1226,582,0,4
1241,1230,582,0,4
1241,1232,582,0,4
1241,1239,582,0,4
1241,1244,582,0,4
1241,1248,582,0,4
1241,1250,582,0,4
1241,1253,582,0,4
1244,1171,1126,0,4
1246,1184,236,0,4
1249,1221,249,0,4
1250,1171,993,0,4
1250,1206,792,0,4
1250,1220,826,0,4
1253,1182,101,0,4
1253,1213,34,0,4
