56,1170,22,0,2
58,1229,92,3,0
63,1165,64,2,1
63,1193,64,2,1
63,1212,64,2,1
63,1220,64,2,1
63,1230,64,2,1
63,1244,64,2,1
63,1250,64,2,1
64,1176,65,2,1
64,1216,65,2,1
64,1226,65,2,1
64,1248,65,2,1
65,1218,66,2,1
65,1239,66,2,1
66,1161,67,2,1
66,1232,67,2,1
67,1172,34,2,3
67,1188,34,2,3
131,1165,132,2,1
131,1193,132,2,1
131,1212,132,2,1
131,1220,132,2,1
131,1230,132,2,1
131,1244,132,2,1
131,1250,132,2,1
132,1176,133,2,1
132,1216,133,2,1
132,1226,133,2,1
132,1248,133,2,1
133,1213,134,2,1
133,1218,134,2,1
133,1239,134,2,1
134,1161,135,2,1
134,1232,135,2,1
135,1253,102,2,3
137,1246,171,3,0
139,1206,173,3,0
161,1202,127,0,3
185,1192,184,1,2
188,1192,187,1,2
199,1165,200,2,1
199,1193,200,2,1
199,1212,200,2,1
199,1220,200,2,1
199,1230,200,2,1
199,1244,200,2,1
199,1250,200,2,1
200,1176,201,2,1
200,1216,201,2,1
200,1226,201,2,1
200,1248,201,2,1
201,1213,202,2,1
201,1218,202,2,1
201,1239,202,2,1
202,1161,203,2,1
202,1232,203,2,1
203,1172,170,2,3
203,1253,170,2,3
206,1174,240,3,0
259,1193,293,3,0
266,1180,267,2,1
266,1183,267,2,1
267,1165,268,2,1
267,1193,268,2,1
267,1210,268,2,1
267,1212,268,2,1
267,1220,268,2,1
267,1230,268,2,1
267,1244,268,2,1
267,1250,268,2,1
268,1176,269,2,1
268,1216,269,2,1
268,1226,269,2,1
268,1248,269,2,1
269,1213,270,2,1
269,1218,270,2,1
269,1239,270,2,1
270,1161,271,2,1
270,1232,271,2,1
271,1253,238,2,3
333,1177,334,2,1
334,1180,335,2,1
334,1183,335,2,1
335,1165,336,2,1
335,1193,336,2,1
335,1210,336,2,1
335,1212,336,2,1
335,1220,336,2,1
335,1225,336,2,1
335,1230,336,2,1
335,1244,336,2,1
335,1250,336,2,1
336,1176,337,2,1
336,1216,337,2,1
336,1226,337,2,1
336,1248,337,2,1
337,1213,338,2,1
337,1218,338,2,1
337,1239,338,2,1
338,1161,339,2,1
338,1232,339,2,1
339,1253,306,2,3
340,1178,374,2,0
340,1222,374,2,0
376,1175,410,3,0
396,1224,362,0,3
401,1177,402,2,1
402,1180,403,2,1
402,1183,403,2,1
403,1165,404,2,1
403,1170,404,2,1
403,1210,404,2,1
403,1212,404,2,1
403,1220,404,2,1
403,1225,404,2,1
403,1230,404,2,1
403,1235,404,2,1
403,1244,404,2,1
403,1250,404,2,1
404,1216,405,2,1
404,1226,405,2,1
404,1234,405,2,1
404,1248,405,2,1
405,1213,406,2,1
405,1218,406,2,1
405,1239,406,2,1
406,1161,407,2,1
406,1232,407,2,1
407,1172,374,2,3
407,1253,374,2,3
408,1228,442,2,0
410,1190,444,3,0
433,1244,399,0,3
442,1252,475,3,2
458,1252,459,2,1
469,1177,470,2,1
470,1180,471,2,1
470,1183,471,2,1
471,1165,472,2,1
471,1170,472,2,1
471,1210,472,2,1
471,1218,470,1,2
471,1220,472,2,1
471,1225,472,2,1
471,1230,472,2,1
471,1235,472,2,1
471,1244,472,2,1
472,1195,473,2,1
472,1205,473,2,1
472,1226,473,2,1
472,1234,473,2,1
473,1164,474,2,1
473,1213,474,2,1
473,1218,474,2,1
473,1239,474,2,1
473,1247,474,2,1
474,1161,475,2,1
474,1227,475,2,1
474,1232,475,2,1
475,1172,442,2,3
475,1253,442,2,3
476,1252,509,3,2
477,1252,476,1,1
478,1252,477,1,2
479,1252,478,1,2
480,1252,479,1,2
481,1252,480,1,2
492,1252,493,2,1
525,1252,559,3,0
526,1227,525,1,2
527,1227,526,1,2
528,1227,527,1,2
529,1227,530,2,1
537,1177,538,2,1
538,1180,539,2,1
538,1183,539,2,1
539,1170,540,2,1
539,1210,540,2,1
539,1225,540,2,1
539,1235,540,2,1
540,1195,541,2,1
540,1205,541,2,1
540,1234,541,2,1
540,1236,541,2,1
541,1164,542,2,1
541,1167,542,2,1
541,1208,542,2,1
541,1247,542,2,1
542,1227,543,2,1
543,1172,510,2,3
543,1253,510,2,3
560,1227,559,1,2
561,1227,560,1,2
594,1227,593,1,2
595,1227,594,1,2
600,1227,601,2,1
605,1177,606,2,1
606,1180,607,2,1
606,1183,607,2,1
607,1170,608,2,1
607,1210,608,2,1
607,1225,608,2,1
607,1235,608,2,1
608,1195,609,2,1
608,1205,609,2,1
608,1234,609,2,1
608,1236,609,2,1
609,1157,610,2,1
609,1164,610,2,1
609,1167,610,2,1
609,1194,610,2,1
609,1208,610,2,1
609,1247,610,2,1
610,1160,611,2,1
610,1184,611,2,1
610,1192,611,2,1
610,1200,611,2,1
610,1214,611,2,1
610,1217,611,2,1
610,1227,611,2,1
611,1172,578,2,3
611,1253,578,2,3
612,1182,646,2,0
624,1252,658,3,0
628,1227,627,1,2
629,1227,628,1,2
634,1227,635,2,1
637,1233,603,0,3
662,1227,661,1,2
663,1227,662,1,2
673,1177,674,2,1
674,1180,675,2,1
674,1183,675,2,1
674,1224,675,2,1
675,1162,676,2,1
675,1170,676,2,1
675,1179,676,2,1
675,1209,676,2,1
675,1210,676,2,1
675,1225,676,2,1
675,1235,676,2,1
675,1241,676,2,1
675,1249,676,2,1
676,1171,677,2,1
676,1195,677,2,1
676,1196,677,2,1
676,1205,677,2,1
676,1211,677,2,1
676,1234,677,2,1
676,1236,677,2,1
676,1243,677,2,1
677,1157,678,2,1
677,1164,678,2,1
677,1167,678,2,1
677,1194,678,2,1
677,1197,678,2,1
677,1208,678,2,1
677,1247,678,2,1
677,1255,678,2,1
678,1160,679,2,1
678,1166,679,2,1
678,1169,679,2,1
678,1184,679,2,1
678,1192,679,2,1
678,1200,679,2,1
678,1214,679,2,1
678,1217,679,2,1
678,1227,679,2,1
678,1233,679,2,1
678,1238,679,2,1
679,1172,646,2,3
679,1186,646,2,3
696,1227,695,1,2
697,1227,696,1,2
722,1252,756,3,0
730,1227,729,1,2
731,1227,730,1,2
740,1227,706,0,3
741,1177,742,2,1
742,1224,743,2,1
743,1156,744,2,1
743,1162,744,2,1
743,1170,744,2,1
743,1179,744,2,1
743,1209,744,2,1
743,1235,744,2,1
743,1241,744,2,1
743,1249,744,2,1
744,1163,745,2,1
744,1171,745,2,1
744,1187,745,2,1
744,1189,745,2,1
744,1195,745,2,1
744,1196,745,2,1
744,1199,745,2,1
744,1205,745,2,1
744,1211,745,2,1
744,1221,745,2,1
744,1234,745,2,1
744,1236,745,2,1
744,1237,745,2,1
744,1243,745,2,1
745,1157,746,2,1
745,1158,746,2,1
745,1164,746,2,1
745,1167,746,2,1
745,1194,746,2,1
745,1197,746,2,1
745,1207,746,2,1
745,1208,746,2,1
745,1223,746,2,1
745,1242,746,2,1
745,1247,746,2,1
745,1251,746,2,1
745,1255,746,2,1
746,1160,747,2,1
746,1166,747,2,1
746,1169,747,2,1
746,1173,747,2,1
746,1175,747,2,1
746,1181,747,2,1
746,1184,747,2,1
746,1192,747,2,1
746,1198,747,2,1
746,1200,747,2,1
746,1201,747,2,1
746,1203,747,2,1
746,1214,747,2,1
746,1217,747,2,1
746,1227,747,2,1
746,1233,747,2,1
746,1238,747,2,1
747,1172,714,2,3
747,1186,714,2,3
747,1188,714,2,3
747,1191,714,2,3
747,1202,714,2,3
747,1253,714,2,3
761,1226,727,0,3
764,1227,763,1,2
765,1227,764,1,2
768,1226,734,0,3
769,1226,735,0,3
770,1214,804,3,0
770,1226,736,0,3
771,1226,737,0,3
772,1226,738,0,3
773,1226,739,0,3
774,1227,740,0,3
788,1252,789,2,1
791,1200,825,3,0
798,1227,797,1,2
799,1227,798,1,2
810,1224,811,2,1
810,1227,776,0,3
811,1156,812,2,1
811,1162,812,2,1
811,1170,812,2,1
811,1179,812,2,1
811,1209,812,2,1
811,1235,812,2,1
811,1241,812,2,1
811,1249,812,2,1
812,1163,813,2,1
812,1171,813,2,1
812,1187,813,2,1
812,1189,813,2,1
812,1195,813,2,1
812,1196,813,2,1
812,1199,813,2,1
812,1205,813,2,1
812,1211,813,2,1
812,1221,813,2,1
812,1234,813,2,1
812,1236,813,2,1
812,1237,813,2,1
812,1243,813,2,1
813,1157,814,2,1
813,1158,814,2,1
813,1164,814,2,1
813,1167,814,2,1
813,1194,814,2,1
813,1197,814,2,1
813,1207,814,2,1
813,1208,814,2,1
813,1223,814,2,1
813,1242,814,2,1
813,1247,814,2,1
813,1251,814,2,1
813,1255,814,2,1
814,1160,815,2,1
814,1166,815,2,1
814,1169,815,2,1
814,1173,815,2,1
814,1175,815,2,1
814,1181,815,2,1
814,1184,815,2,1
814,1192,815,2,1
814,1198,815,2,1
814,1200,815,2,1
814,1201,815,2,1
814,1203,815,2,1
814,1214,815,2,1
814,1217,815,2,1
814,1227,815,2,1
814,1233,815,2,1
814,1238,815,2,1
815,1172,782,2,3
815,1186,782,2,3
815,1188,782,2,3
815,1191,782,2,3
815,1202,782,2,3
815,1253,782,2,3
822,1252,823,2,1
829,1226,828,1,2
832,1227,831,1,2
833,1227,832,1,2
836,1226,835,1,2
842,1208,841,1,2
844,1227,810,0,3
863,1226,862,1,2
866,1227,865,1,2
867,1227,866,1,2
870,1226,869,1,2
872,1212,838,0,3
878,1224,879,2,1
879,1156,880,2,1
879,1162,880,2,1
879,1179,880,2,1
879,1209,880,2,1
879,1241,880,2,1
879,1249,880,2,1
880,1163,881,2,1
880,1171,881,2,1
880,1187,881,2,1
880,1189,881,2,1
880,1196,881,2,1
880,1199,881,2,1
880,1205,881,2,1
880,1211,881,2,1
880,1221,881,2,1
880,1236,881,2,1
880,1237,881,2,1
880,1243,881,2,1
881,1157,882,2,1
881,1158,882,2,1
881,1164,882,2,1
881,1167,882,2,1
881,1194,882,2,1
881,1207,882,2,1
881,1208,882,2,1
881,1223,882,2,1
881,1242,882,2,1
881,1247,882,2,1
881,1251,882,2,1
881,1255,882,2,1
882,1160,883,2,1
882,1166,883,2,1
882,1169,883,2,1
882,1173,883,2,1
882,1175,883,2,1
882,1181,883,2,1
882,1184,883,2,1
882,1192,883,2,1
882,1198,883,2,1
882,1200,883,2,1
882,1201,883,2,1
882,1203,883,2,1
882,1214,883,2,1
882,1217,883,2,1
882,1227,883,2,1
882,1233,883,2,1
882,1238,883,2,1
883,1186,850,2,3
883,1188,850,2,3
883,1191,850,2,3
883,1202,850,2,3
883,1253,850,2,3
887,1252,888,2,1
897,1226,896,1,2
900,1227,899,1,2
901,1227,900,1,2
904,1226,903,1,2
905,1226,904,1,2
915,1227,881,0,3
931,1226,930,1,2
934,1227,933,1,2
935,1227,934,1,2
938,1221,972,3,0
938,1226,937,1,2
939,1226,938,1,2
946,1224,947,2,1
947,1156,948,2,1
947,1162,948,2,1
947,1179,948,2,1
947,1209,948,2,1
947,1241,948,2,1
947,1249,948,2,1
948,1163,949,2,1
948,1171,949,2,1
948,1187,949,2,1
948,1189,949,2,1
948,1196,949,2,1
948,1199,949,2,1
948,1211,949,2,1
948,1221,949,2,1
948,1236,949,2,1
948,1237,949,2,1
948,1243,949,2,1
949,1157,950,2,1
949,1158,950,2,1
949,1167,950,2,1
949,1194,950,2,1
949,1207,950,2,1
949,1208,950,2,1
949,1223,950,2,1
949,1242,950,2,1
949,1251,950,2,1
949,1255,950,2,1
950,1160,951,2,1
950,1166,951,2,1
950,1169,951,2,1
950,1173,951,2,1
950,1175,951,2,1
950,1181,951,2,1
950,1184,951,2,1
950,1192,951,2,1
950,1198,951,2,1
950,1200,951,2,1
950,1201,951,2,1
950,1203,951,2,1
950,1214,951,2,1
950,1217,951,2,1
950,1227,951,2,1
950,1233,951,2,1
950,1238,951,2,1
951,1186,918,2,3
951,1188,918,2,3
951,1191,918,2,3
951,1202,918,2,3
951,1253,918,2,3
968,1227,967,1,2
969,1227,968,1,2
973,1226,972,1,2
984,1227,985,2,1
1000,1207,999,1,2
1002,1227,1001,1,2
1003,1227,1002,1,2
1007,1226,1006,1,2
1014,1224,1015,2,1
1015,1156,1016,2,1
1015,1162,1016,2,1
1015,1179,1016,2,1
1015,1209,1016,2,1
1015,1241,1016,2,1
1015,1249,1016,2,1
1016,1163,1017,2,1
1016,1171,1017,2,1
1016,1187,1017,2,1
1016,1189,1017,2,1
1016,1196,1017,2,1
1016,1199,1017,2,1
1016,1211,1017,2,1
1016,1221,1017,2,1
1016,1237,1017,2,1
1016,1243,1017,2,1
1017,1157,1018,2,1
1017,1158,1018,2,1
1017,1194,1018,2,1
1017,1207,1018,2,1
1017,1223,1018,2,1
1017,1242,1018,2,1
1017,1251,1018,2,1
1017,1255,1018,2,1
1018,1160,1019,2,1
1018,1166,1019,2,1
1018,1169,1019,2,1
1018,1173,1019,2,1
1018,1175,1019,2,1
1018,1181,1019,2,1
1018,1184,1019,2,1
1018,1192,1019,2,1
1018,1198,1019,2,1
1018,1200,1019,2,1
1018,1201,1019,2,1
1018,1203,1019,2,1
1018,1214,1019,2,1
1018,1217,1019,2,1
1018,1227,1019,2,1
1018,1233,1019,2,1
1018,1238,1019,2,1
1019,1172,986,2,3
1019,1186,986,2,3
1019,1188,986,2,3
1019,1191,986,2,3
1019,1202,986,2,3
1019,1253,986,2,3
1036,1227,1035,1,2
1041,1226,1040,1,2
1043,1226,1044,2,1
1052,1227,1053,2,1
1082,1224,1083,2,1
1083,1156,1084,2,1
1083,1162,1084,2,1
1083,1179,1084,2,1
1083,1241,1084,2,1
1083,1249,1084,2,1
1084,1163,1085,2,1
1084,1171,1085,2,1
1084,1176,1085,2,1
1084,1187,1085,2,1
1084,1189,1085,2,1
1084,1196,1085,2,1
1084,1199,1085,2,1
1084,1211,1085,2,1
1084,1221,1085,2,1
1084,1237,1085,2,1
1084,1243,1085,2,1
1085,1158,1086,2,1
1085,1207,1086,2,1
1085,1223,1086,2,1
1085,1242,1086,2,1
1085,1251,1086,2,1
1085,1255,1086,2,1
1086,1166,1087,2,1
1086,1169,1087,2,1
1086,1173,1087,2,1
1086,1175,1087,2,1
1086,1181,1087,2,1
1086,1198,1087,2,1
1086,1201,1087,2,1
1086,1203,1087,2,1
1086,1233,1087,2,1
1086,1238,1087,2,1
1087,1172,1054,2,3
1087,1186,1054,2,3
1087,1188,1054,2,3
1087,1191,1054,2,3
1087,1202,1054,2,3
1087,1253,1054,2,3
1117,1245,1116,1,2
1144,1225,1110,0,3
1151,1156,1152,2,1
1151,1193,1152,2,1
1152,1176,1153,2,1
1152,1187,1153,2,1
1152,1199,1153,2,1
1152,1216,1153,2,1
1152,1221,1153,2,1
1152,1248,1153,2,1
1153,1207,1154,2,1
1153,1223,1154,2,1
1153,1242,1154,2,1
1153,1251,1154,2,1
1154,1173,1155,2,1
1154,1175,1155,2,1
1154,1181,1155,2,1
1154,1198,1155,2,1
1154,1201,1155,2,1
1154,1203,1155,2,1
1155,1172,1122,2,3
1155,1188,1122,2,3
1155,1191,1122,2,3
1155,1202,1122,2,3
1155,1253,1122,2,3
1159,1246,732,0,4
1161,1239,659,0,4
1162,1221,616,0,4
1163,1168,617,0,4
1163,1211,284,0,4
1163,1252,649,0,4
1167,1217,47,0,4
1168,1163,633,0,4
1169,1181,115,0,4
1169,1201,115,0,4
1174,1246,732,0,4
1175,1211,183,0,4
1181,1169,183,0,4
1190,1227,473,0,4
1190,1252,473,0,4
1191,1213,116,0,4
1194,1197,114,0,4
1197,1194,182,0,4
1197,1252,580,0,4
1199,1231,582,0,4
1199,1252,615,0,4
1201,1169,183,0,4
1205,1235,344,0,4
1207,1223,217,0,4
1211,1163,249,0,4
1211,1175,183,0,4
1211,1244,216,0,4
1213,1191,3,0,4
1217,1167,47,0,4
1221,1162,616,0,4
1221,1249,616,0,4
1223,1207,217,0,4
1226,1172,793,0,4
1226,1178,793,0,4
1226,1190,793,0,4
1226,1222,793,0,4
1226,1231,793,0,4
1226,1254,727,0,4
1227,1190,409,0,4
1227,1228,1035,0,4
1227,1252,409,0,4
1231,1199,306,0,4
1233,1168,579,0,4
1235,1205,344,0,4
1239,1161,659,0,4
1244,1211,1127,0,4
1245,1161,980,0,4
1245,1239,980,0,4
1246,1159,732,0,4
1246,1174,732,0,4
1249,1221,616,0,4
1252,1156,509,0,4
1252,1157,509,0,4
1252,1158,509,0,4
1252,1160,509,0,4
1252,1162,509,0,4
1252,1163,509,0,4
1252,1166,509,0,4
1252,1167,509,0,4
1252,1169,509,0,4
1252,1171,509,0,4
1252,1173,509,0,4
1252,1175,509,0,4
1252,1179,509,0,4
1252,1181,509,0,4
1252,1184,509,0,4
1252,1186,509,0,4
1252,1187,509,0,4
1252,1189,509,0,4
1252,1190,475,0,4
1252,1191,509,0,4
1252,1192,509,0,4
1252,1194,475,0,4
1252,1196,509,0,4
1252,1197,509,0,4
1252,1198,509,0,4
1252,1199,509,0,4
1252,1200,509,0,4
1252,1201,509,0,4
1252,1202,509,0,4
1252,1203,509,0,4
1252,1207,509,0,4
1252,1209,509,0,4
1252,1211,509,0,4
1252,1214,509,0,4
1252,1217,509,0,4
1252,1221,509,0,4
1252,1223,509,0,4
1252,1224,475,0,4
1252,1227,408,0,4
1252,1233,509,0,4
1252,1236,475,0,4
1252,1237,509,0,4
1252,1238,509,0,4
1252,1241,509,0,4
1252,1242,509,0,4
1252,1243,509,0,4
1252,1249,509,0,4
1252,1251,509,0,4
1252,1255,509,0,4
