15,1188,1137,3,3
17,1231,16,0,1
30,1228,64,2,0
51,1231,50,1,2
58,1231,59,2,1
62,1228,96,3,0
85,1231,84,1,2
92,1231,93,2,1
116,1232,150,3,0
119,1231,118,1,2
124,1231,125,2,1
149,1232,183,3,0
153,1231,152,1,2
181,1232,215,3,0
187,1231,186,1,2
194,1228,195,2,1
207,1230,173,0,3
218,1188,252,3,0
218,1200,217,1,2
221,1231,220,1,2
223,1231,224,2,1
228,1228,229,2,1
250,1188,284,3,0
259,1193,258,1,2
260,1228,261,2,1
283,1213,317,3,0
293,1193,292,1,2
294,1235,295,2,1
297,1214,331,3,0
313,1232,314,2,1
315,1253,349,3,0
317,1209,316,1,2
318,1209,284,0,3
327,1193,326,1,2
327,1209,293,0,3
328,1209,294,0,3
329,1209,295,0,3
331,1238,365,3,0
349,1188,383,3,0
351,1209,350,1,2
352,1193,351,1,2
352,1209,318,0,3
359,1159,393,3,0
359,1228,360,2,1
361,1209,327,0,3
379,1209,413,3,0
381,1212,382,2,1
381,1213,382,2,1
385,1209,384,1,2
386,1193,385,1,2
386,1209,352,0,3
395,1209,361,0,3
399,1203,433,3,0
399,1243,433,3,0
412,1232,413,2,1
415,1213,416,2,1
416,1181,382,0,3
416,1201,382,0,3
419,1209,418,1,2
420,1193,419,1,2
426,1231,427,2,1
444,1161,445,2,1
447,1213,448,2,1
447,1250,448,2,1
448,1188,449,2,1
453,1209,452,1,2
454,1193,453,1,2
462,1231,463,2,1
473,1174,472,1,2
480,1213,481,2,1
484,1224,450,0,3
488,1193,487,1,2
502,1236,468,0,3
533,1231,534,2,1
567,1231,568,2,1
602,1222,636,3,0
612,1188,613,1,1
616,1196,582,0,3
617,1196,583,0,3
618,1196,584,0,3
619,1196,585,0,3
620,1196,586,0,3
656,1188,690,3,0
657,1188,691,3,0
658,1188,692,3,0
659,1188,693,3,0
660,1188,694,3,0
661,1188,695,3,0
672,1231,638,0,3
679,1188,646,2,3
695,1188,1188,4,0
703,1228,704,2,1
713,1188,680,2,3
715,1188,716,2,1
726,1193,760,3,0
726,1213,1213,4,0
735,1193,769,3,0
736,1193,770,3,0
737,1193,771,3,0
738,1193,772,3,0
743,1231,709,0,3
744,1213,745,2,1
752,1232,753,2,1
758,1213,724,0,3
759,1213,725,0,3
760,1213,726,0,3
778,1213,779,2,1
786,1213,787,2,1
788,1232,789,2,1
808,1228,774,0,3
844,1230,878,3,0
848,1231,814,0,3
851,1215,885,3,0
854,1205,820,0,3
886,1239,920,3,0
901,1231,900,1,2
913,1228,879,0,3
914,1247,913,1,2
926,1188,892,0,3
927,1196,961,3,0
927,1232,893,0,3
935,1231,934,1,2
936,1231,935,1,2
937,1231,936,1,2
938,1231,937,1,2
939,1231,938,1,2
940,1231,939,1,2
941,1231,940,1,2
942,1231,941,1,2
943,1231,942,1,2
949,1228,915,0,3
954,1213,988,3,0
956,1230,990,3,0
960,1213,926,0,3
969,1231,968,1,2
990,1230,1024,3,0
1003,1231,1002,1,2
1004,1228,1003,1,2
1005,1228,1004,1,2
1006,1228,1005,1,2
1007,1228,1006,1,2
1008,1228,1007,1,2
1009,1228,1008,1,2
1024,1230,1058,3,0
1027,1212,993,0,3
1028,1212,994,0,3
1030,1188,996,0,3
1032,1232,998,0,3
1033,1236,1032,1,2
1037,1231,1036,1,2
1038,1228,1037,1,2
1043,1212,1009,0,3
1049,1230,1050,2,1
1050,1231,1084,3,0
1057,1232,1056,1,2
1058,1230,1092,3,0
1058,1232,1057,1,2
1059,1196,1060,2,1
1059,1232,1058,1,2
1066,1188,1032,0,3
1071,1231,1070,1,2
1073,1232,1074,2,1
1082,1231,1116,3,0
1083,1230,1084,2,1
1091,1230,1092,2,1
1091,1232,1090,1,2
1092,1230,1230,4,0
1105,1231,1104,1,2
1107,1232,1108,2,1
1109,1188,1075,0,3
1113,1230,1114,2,1
1114,1230,1115,2,1
1115,1230,1116,2,1
1116,1230,1117,2,1
1117,1230,1118,2,1
1121,1228,1155,3,0
1124,1161,1123,1,2
1125,1161,1091,0,3
1126,1161,1092,0,3
1127,1161,1093,0,3
1127,1250,1126,1,2
1128,1161,1094,0,3
1129,1161,1095,0,3
1130,1161,1096,0,3
1139,1231,1138,1,2
1156,1209,284,0,4
1161,1157,1091,0,4
1161,1160,1091,0,4
1161,1167,1091,0,4
1161,1170,1091,0,4
1161,1177,1091,0,4
1161,1180,1091,0,4
1161,1183,1091,0,4
1161,1184,1091,0,4
1161,1186,1091,0,4
1161,1192,1091,0,4
1161,1194,1091,0,4
1161,1195,1091,0,4
1161,1200,1091,0,4
1161,1205,1091,0,4
1161,1208,1091,0,4
1161,1210,1091,0,4
1161,1214,1091,0,4
1161,1217,1091,0,4
1161,1229,1091,0,4
1161,1230,1091,0,4
1161,1235,1091,0,4
1161,1236,1091,0,4
1161,1244,1091,0,4
1166,1246,546,0,4
1171,1188,581,0,4
1174,1228,302,0,4
1174,1252,302,0,4
1182,1231,679,0,4
1184,1232,545,0,4
1187,1196,250,0,4
1188,1156,695,0,4
1188,1158,695,0,4
1188,1161,695,0,4
1188,1162,695,0,4
1188,1163,695,0,4
1188,1171,695,0,4
1188,1173,695,0,4
1188,1175,695,0,4
1188,1176,695,0,4
1188,1179,695,0,4
1188,1181,695,0,4
1188,1187,695,0,4
1188,1189,695,0,4
1188,1193,695,0,4
1188,1196,695,0,4
1188,1198,695,0,4
1188,1199,695,0,4
1188,1201,695,0,4
1188,1202,695,0,4
1188,1203,695,0,4
1188,1207,695,0,4
1188,1209,695,0,4
1188,1211,695,0,4
1188,1212,695,0,4
1188,1213,695,0,4
1188,1216,695,0,4
1188,1218,695,0,4
1188,1221,695,0,4
1188,1223,695,0,4
1188,1224,695,0,4
1188,1226,695,0,4
1188,1232,695,0,4
1188,1237,695,0,4
1188,1239,695,0,4
1188,1241,695,0,4
1188,1242,695,0,4
1188,1243,695,0,4
1188,1248,695,0,4
1188,1249,695,0,4
1188,1251,695,0,4
1190,1231,937,0,4
1191,1213,614,0,4
1193,1159,760,0,4
1193,1168,760,0,4
1193,1174,760,0,4
1193,1185,760,0,4
1193,1188,760,0,4
1193,1206,760,0,4
1193,1213,760,0,4
1193,1215,760,0,4
1193,1246,760,0,4
1193,1253,760,0,4
1196,1161,582,0,4
1196,1165,582,0,4
1196,1176,582,0,4
1196,1185,582,0,4
1196,1187,250,0,4
1196,1188,582,0,4
1196,1193,582,0,4
1196,1212,582,0,4
1196,1213,582,0,4
1196,1216,582,0,4
1196,1218,582,0,4
1196,1220,582,0,4
1196,1226,582,0,4
1196,1230,582,0,4
1196,1232,582,0,4
1196,1239,582,0,4
1196,1244,582,0,4
1196,1248,582,0,4
1196,1250,582,0,4
1196,1253,582,0,4
1200,1214,511,0,4
1201,1240,150,0,4
1203,1237,615,0,4
1204,1213,646,0,4
1209,1156,284,0,4
1209,1222,549,0,4
1211,1237,249,0,4
1212,1157,993,0,4
1212,1160,993,0,4
1212,1164,993,0,4
1212,1166,993,0,4
1212,1167,993,0,4
1212,1169,993,0,4
1212,1170,993,0,4
1212,1177,993,0,4
1212,1180,993,0,4
1212,1183,993,0,4
1212,1184,993,0,4
1212,1186,993,0,4
1212,1188,760,0,4
1212,1192,993,0,4
1212,1194,993,0,4
1212,1195,993,0,4
1212,1200,993,0,4
1212,1205,993,0,4
1212,1208,993,0,4
1212,1210,993,0,4
1212,1213,760,0,4
1212,1214,993,0,4
1212,1217,993,0,4
1212,1225,993,0,4
1212,1227,993,0,4
1212,1228,993,0,4
1212,1229,993,0,4
1212,1233,792,0,4
1212,1234,993,0,4
1212,1235,993,0,4
1212,1236,993,0,4
1212,1238,993,0,4
1212,1247,993,0,4
1212,1252,993,0,4
1213,1156,726,0,4
1213,1158,726,0,4
1213,1162,726,0,4
1213,1163,726,0,4
1213,1171,726,0,4
1213,1173,726,0,4
1213,1175,726,0,4
1213,1176,726,0,4
1213,1179,726,0,4
1213,1181,726,0,4
1213,1182,726,0,4
1213,1187,726,0,4
1213,1189,726,0,4
1213,1191,726,0,4
1213,1193,726,0,4
1213,1196,726,0,4
1213,1197,726,0,4
1213,1198,726,0,4
1213,1199,726,0,4
1213,1201,726,0,4
1213,1202,726,0,4
1213,1203,726,0,4
1213,1204,726,0,4
1213,1207,726,0,4
1213,1209,726,0,4
1213,1211,726,0,4
1213,1212,726,0,4
1213,1216,726,0,4
1213,1218,726,0,4
1213,1219,726,0,4
1213,1221,726,0,4
1213,1223,726,0,4
1213,1224,726,0,4
1213,1232,727,0,4
1213,1233,726,0,4
1213,1237,726,0,4
1213,1241,726,0,4
1213,1242,726,0,4
1213,1243,726,0,4
1213,1248,726,0,4
1213,1249,726,0,4
1213,1251,726,0,4
1213,1255,726,0,4
1214,1200,511,0,4
1216,1218,1091,0,4
1216,1230,1092,0,4
1218,1213,726,0,4
1218,1216,1091,0,4
1218,1230,1092,0,4
1224,1161,450,0,4
1224,1165,450,0,4
1224,1168,450,0,4
1224,1176,450,0,4
1224,1185,450,0,4
1224,1188,450,0,4
1224,1193,450,0,4
1224,1206,450,0,4
1224,1212,450,0,4
1224,1213,450,0,4
1224,1216,450,0,4
1224,1218,450,0,4
1224,1220,450,0,4
1224,1226,450,0,4
1224,1230,450,0,4
1224,1232,450,0,4
1224,1239,450,0,4
1224,1244,450,0,4
1224,1248,450,0,4
1224,1250,450,0,4
1224,1253,450,0,4
1226,1188,726,0,4
1228,1240,1037,0,4
1228,1245,1037,0,4
1228,1254,474,0,4
1230,1161,1092,0,4
1230,1176,1092,0,4
1230,1216,1092,0,4
1230,1218,1092,0,4
1230,1232,1092,0,4
1230,1239,1092,0,4
1230,1240,1092,0,4
1230,1245,1092,0,4
1230,1248,1092,0,4
1231,1178,933,0,4
1231,1182,339,0,4
1231,1190,933,0,4
1231,1222,933,0,4
1231,1228,933,0,4
1231,1240,933,0,4
1231,1245,933,0,4
1232,1160,1090,0,4
1232,1164,1090,0,4
1232,1165,1090,0,4
1232,1167,1090,0,4
1232,1170,1090,0,4
1232,1177,1090,0,4
1232,1180,1090,0,4
1232,1183,1090,0,4
1232,1184,626,0,4
1232,1193,1090,0,4
1232,1194,1090,0,4
1232,1195,1090,0,4
1232,1200,1090,0,4
1232,1205,1090,0,4
1232,1208,1090,0,4
1232,1210,1090,0,4
1232,1212,1090,0,4
1232,1213,659,0,4
1232,1214,1090,0,4
1232,1217,1090,0,4
1232,1220,1090,0,4
1232,1225,1090,0,4
1232,1226,1090,0,4
1232,1227,1090,0,4
1232,1229,1090,0,4
1232,1230,1090,0,4
1232,1234,1090,0,4
1232,1235,1090,0,4
1232,1236,1090,0,4
1232,1244,1090,0,4
1232,1247,1090,0,4
1232,1250,1090,0,4
1233,1212,580,0,4
1233,1213,580,0,4
1237,1203,615,0,4
1237,1211,249,0,4
1239,1188,693,0,4
1240,1201,156,0,4
1243,1249,249,0,4
1244,1161,1093,0,4
1245,1231,946,0,4
1246,1166,269,0,4
1248,1188,692,0,4
1248,1213,692,0,4
1248,1230,1024,0,4
1249,1243,249,0,4
1254,1228,270,0,4
1255,1213,581,0,4
