0,1229,-1,-1,-1
1,1181,2,1,0
1,1229,-1,-1,-1
2,1229,-1,-1,-1
3,1229,-1,-1,-1
4,1229,-1,-1,-1
5,1229,-1,-1,-1
6,1229,-1,-1,-1
7,1229,-1,-1,-1
8,1229,-1,-1,-1
9,1229,-1,-1,-1
10,1229,-1,-1,-1
11,1159,10,0,1
11,1229,-1,-1,-1
12,1229,-1,-1,-1
13,1229,-1,-1,-1
14,1215,1136,3,3
14,1229,-1,-1,-1
15,1229,-1,-1,-1
16,1229,-1,-1,-1
17,1215,1139,3,3
17,1229,-1,-1,-1
18,1229,-1,-1,-1
19,1229,-1,-1,-1
20,1229,-1,-1,-1
21,1229,-1,-1,-1
22,1225,21,0,1
22,1229,-1,-1,-1
23,1229,-1,-1,-1
24,1229,-1,-1,-1
25,1229,-1,-1,-1
26,1229,-1,-1,-1
27,1229,-1,-1,-1
28,1229,-1,-1,-1
29,1229,-1,-1,-1
30,1229,-1,-1,-1
31,1229,-1,-1,-1
32,1229,-1,-1,-1
33,1229,-1,-1,-1
34,1229,-1,-1,-1
35,1229,-1,-1,-1
36,1229,-1,-1,-1
37,1229,-1,-1,-1
38,1229,-1,-1,-1
39,1229,-1,-1,-1
40,1229,-1,-1,-1
41,1229,-1,-1,-1
42,1229,-1,-1,-1
43,1229,-1,-1,-1
44,1229,-1,-1,-1
45,1229,-1,-1,-1
46,1229,-1,-1,-1
47,1215,13,0,2
47,1229,-1,-1,-1
48,1215,14,0,2
48,1229,-1,-1,-1
49,1229,-1,-1,-1
50,1229,-1,-1,-1
51,1215,17,0,2
51,1229,-1,-1,-1
52,1229,-1,-1,-1
53,1229,-1,-1,-1
54,1229,-1,-1,-1
55,1229,-1,-1,-1
56,1225,55,1,2
56,1229,-1,-1,-1
57,1229,-1,-1,-1
58,1229,-1,-1,-1
59,1229,-1,-1,-1
60,1229,-1,-1,-1
61,1229,-1,-1,-1
62,1229,-1,-1,-1
63,1229,-1,-1,-1
64,1229,-1,-1,-1
65,1229,-1,-1,-1
66,1229,-1,-1,-1
67,1229,-1,-1,-1
68,1229,-1,-1,-1
69,1229,-1,-1,-1
70,1229,-1,-1,-1
71,1229,-1,-1,-1
72,1229,-1,-1,-1
73,1229,-1,-1,-1
74,1229,-1,-1,-1
75,1229,-1,-1,-1
76,1229,-1,-1,-1
77,1229,-1,-1,-1
78,1229,-1,-1,-1
79,1229,-1,-1,-1
80,1229,-1,-1,-1
81,1229,-1,-1,-1
82,1215,48,0,3
82,1229,-1,-1,-1
83,1229,-1,-1,-1
84,1229,-1,-1,-1
85,1215,51,0,3
85,1229,-1,-1,-1
86,1229,-1,-1,-1
87,1229,-1,-1,-1
88,1229,-1,-1,-1
89,1229,-1,-1,-1
90,1225,89,1,2
90,1229,-1,-1,-1
91,1229,-1,-1,-1
92,1225,126,3,0
92,1229,-1,-1,-1
93,1229,-1,-1,-1
94,1229,-1,-1,-1
95,1229,-1,-1,-1
96,1229,-1,-1,-1
97,1229,-1,-1,-1
98,1229,-1,-1,-1
99,1229,-1,-1,-1
100,1229,-1,-1,-1
101,1229,-1,-1,-1
102,1229,-1,-1,-1
103,1229,-1,-1,-1
104,1229,-1,-1,-1
105,1229,-1,-1,-1
106,1229,-1,-1,-1
107,1229,-1,-1,-1
108,1229,-1,-1,-1
109,1229,-1,-1,-1
110,1178,76,0,3
110,1229,-1,-1,-1
111,1229,-1,-1,-1
112,1229,-1,-1,-1
113,1229,-1,-1,-1
114,1229,-1,-1,-1
115,1229,-1,-1,-1
116,1229,-1,-1,-1
117,1229,-1,-1,-1
118,1229,-1,-1,-1
119,1229,-1,-1,-1
120,1229,-1,-1,-1
121,1229,-1,-1,-1
122,1229,-1,-1,-1
123,1229,-1,-1,-1
124,1225,123,1,2
124,1229,-1,-1,-1
125,1229,-1,-1,-1
126,1229,-1,-1,-1
127,1229,-1,-1,-1
128,1229,-1,-1,-1
129,1229,-1,-1,-1
130,1229,-1,-1,-1
131,1229,-1,-1,-1
132,1229,-1,-1,-1
133,1229,-1,-1,-1
134,1229,-1,-1,-1
135,1229,-1,-1,-1
136,1229,-1,-1,-1
137,1229,-1,-1,-1
138,1229,-1,-1,-1
139,1229,-1,-1,-1
140,1229,-1,-1,-1
141,1229,-1,-1,-1
142,1229,-1,-1,-1
143,1229,-1,-1,-1
144,1229,-1,-1,-1
145,1229,-1,-1,-1
146,1229,-1,-1,-1
147,1229,-1,-1,-1
148,1229,-1,-1,-1
149,1229,-1,-1,-1
150,1229,-1,-1,-1
151,1229,-1,-1,-1
152,1229,-1,-1,-1
153,1229,-1,-1,-1
154,1229,-1,-1,-1
155,1229,-1,-1,-1
156,1229,-1,-1,-1
157,1229,-1,-1,-1
158,1229,-1,-1,-1
159,1229,-1,-1,-1
160,1229,-1,-1,-1
161,1229,-1,-1,-1
162,1229,-1,-1,-1
163,1229,-1,-1,-1
164,1229,-1,-1,-1
165,1229,-1,-1,-1
166,1229,-1,-1,-1
167,1229,-1,-1,-1
168,1229,-1,-1,-1
169,1229,-1,-1,-1
170,1229,-1,-1,-1
171,1229,-1,-1,-1
172,1229,-1,-1,-1
173,1229,-1,-1,-1
174,1229,-1,-1,-1
175,1229,-1,-1,-1
176,1229,-1,-1,-1
177,1229,-1,-1,-1
178,1229,-1,-1,-1
179,1229,-1,-1,-1
180,1229,-1,-1,-1
181,1229,-1,-1,-1
182,1181,1181,4,0
182,1229,-1,-1,-1
183,1229,-1,-1,-1
184,1229,-1,-1,-1
185,1229,-1,-1,-1
186,1229,-1,-1,-1
187,1229,-1,-1,-1
188,1229,-1,-1,-1
189,1229,-1,-1,-1
190,1229,-1,-1,-1
191,1229,-1,-1,-1
192,1229,-1,-1,-1
193,1229,-1,-1,-1
194,1229,-1,-1,-1
195,1229,-1,-1,-1
196,1229,-1,-1,-1
197,1229,-1,-1,-1
198,1229,-1,-1,-1
199,1229,-1,-1,-1
200,1181,201,2,1
200,1229,-1,-1,-1
201,1229,-1,-1,-1
202,1229,-1,-1,-1
203,1229,-1,-1,-1
204,1229,-1,-1,-1
205,1229,-1,-1,-1
206,1229,-1,-1,-1
207,1229,-1,-1,-1
208,1229,-1,-1,-1
209,1229,-1,-1,-1
210,1229,-1,-1,-1
211,1229,-1,-1,-1
212,1229,-1,-1,-1
213,1229,-1,-1,-1
214,1181,180,0,3
214,1229,-1,-1,-1
215,1181,181,0,3
215,1229,-1,-1,-1
216,1181,182,0,3
216,1229,-1,-1,-1
217,1229,-1,-1,-1
218,1229,-1,-1,-1
219,1229,-1,-1,-1
220,1229,-1,-1,-1
221,1229,-1,-1,-1
222,1229,-1,-1,-1
223,1229,-1,-1,-1
224,1229,-1,-1,-1
225,1229,-1,-1,-1
226,1229,-1,-1,-1
227,1229,-1,-1,-1
228,1229,-1,-1,-1
229,1229,-1,-1,-1
230,1229,-1,-1,-1
231,1229,-1,-1,-1
232,1229,-1,-1,-1
233,1229,-1,-1,-1
234,1181,235,2,1
234,1229,-1,-1,-1
235,1229,-1,-1,-1
236,1229,-1,-1,-1
237,1229,-1,-1,-1
238,1229,-1,-1,-1
239,1229,-1,-1,-1
240,1229,-1,-1,-1
241,1181,242,2,1
241,1198,242,2,1
241,1229,-1,-1,-1
242,1229,-1,-1,-1
243,1229,-1,-1,-1
244,1229,-1,-1,-1
245,1229,-1,-1,-1
246,1229,-1,-1,-1
247,1229,-1,-1,-1
248,1229,-1,-1,-1
249,1229,-1,-1,-1
250,1229,-1,-1,-1
250,1237,249,1,2
251,1229,-1,-1,-1
252,1229,-1,-1,-1
253,1229,-1,-1,-1
254,1229,-1,-1,-1
255,1229,-1,-1,-1
256,1229,-1,-1,-1
257,1229,-1,-1,-1
258,1229,-1,-1,-1
259,1229,-1,-1,-1
260,1229,-1,-1,-1
261,1208,262,2,1
261,1229,-1,-1,-1
262,1229,-1,-1,-1
263,1229,-1,-1,-1
264,1229,-1,-1,-1
265,1229,-1,-1,-1
266,1229,-1,-1,-1
267,1229,-1,-1,-1
268,1229,-1,-1,-1
269,1229,-1,-1,-1
270,1229,-1,-1,-1
271,1229,-1,-1,-1
272,1229,-1,-1,-1
273,1229,-1,-1,-1
274,1229,-1,-1,-1
275,1229,-1,-1,-1
276,1229,-1,-1,-1
277,1229,-1,-1,-1
278,1229,-1,-1,-1
279,1229,-1,-1,-1
280,1229,-1,-1,-1
281,1229,-1,-1,-1
282,1229,-1,-1,-1
283,1212,282,1,2
283,1229,-1,-1,-1
284,1229,-1,-1,-1
284,1237,283,1,2
285,1229,-1,-1,-1
286,1229,-1,-1,-1
287,1229,-1,-1,-1
288,1229,-1,-1,-1
289,1229,-1,-1,-1
290,1229,-1,-1,-1
291,1229,-1,-1,-1
292,1229,-1,-1,-1
292,1237,291,1,2
293,1229,-1,-1,-1
293,1237,292,1,2
294,1229,-1,-1,-1
294,1237,293,1,2
295,1229,-1,-1,-1
295,1237,294,1,2
296,1159,297,2,1
296,1229,-1,-1,-1
296,1237,295,1,2
297,1159,298,2,1
297,1229,-1,-1,-1
298,1159,299,2,1
298,1229,-1,-1,-1
299,1159,300,2,1
299,1229,-1,-1,-1
300,1159,301,2,1
300,1195,301,2,1
300,1229,-1,-1,-1
301,1159,1159,4,0
301,1229,-1,-1,-1
302,1229,-1,-1,-1
303,1229,-1,-1,-1
304,1229,-1,-1,-1
305,1229,-1,-1,-1
306,1229,-1,-1,-1
307,1229,-1,-1,-1
308,1229,-1,-1,-1
309,1229,-1,-1,-1
310,1229,-1,-1,-1
311,1229,-1,-1,-1
312,1229,-1,-1,-1
313,1229,-1,-1,-1
314,1229,-1,-1,-1
315,1229,-1,-1,-1
316,1229,-1,-1,-1
317,1229,-1,-1,-1
318,1215,352,3,0
318,1229,-1,-1,-1
318,1237,317,1,2
319,1215,353,3,0
319,1229,-1,-1,-1
319,1254,353,3,0
320,1229,-1,-1,-1
321,1229,-1,-1,-1
322,1229,-1,-1,-1
323,1229,-1,-1,-1
324,1229,-1,-1,-1
325,1229,-1,-1,-1
326,1229,-1,-1,-1
326,1237,325,1,2
327,1229,-1,-1,-1
328,1229,-1,-1,-1
329,1229,-1,-1,-1
330,1229,-1,-1,-1
331,1229,-1,-1,-1
332,1229,-1,-1,-1
333,1229,-1,-1,-1
334,1229,-1,-1,-1
335,1229,-1,-1,-1
336,1229,-1,-1,-1
337,1229,-1,-1,-1
338,1185,337,1,2
338,1229,-1,-1,-1
339,1229,-1,-1,-1
340,1229,-1,-1,-1
341,1229,-1,-1,-1
342,1229,-1,-1,-1
343,1229,-1,-1,-1
344,1229,-1,-1,-1
345,1229,-1,-1,-1
346,1181,347,2,1
346,1198,347,2,1
346,1229,-1,-1,-1
347,1229,-1,-1,-1
348,1229,-1,-1,-1
349,1229,-1,-1,-1
350,1229,-1,-1,-1
351,1229,-1,-1,-1
352,1229,-1,-1,-1
353,1215,387,3,0
353,1229,-1,-1,-1
354,1229,-1,-1,-1
355,1229,-1,-1,-1
356,1229,-1,-1,-1
357,1229,-1,-1,-1
358,1229,-1,-1,-1
359,1229,-1,-1,-1
360,1229,-1,-1,-1
361,1229,-1,-1,-1
362,1229,-1,-1,-1
363,1229,-1,-1,-1
364,1229,-1,-1,-1
365,1229,-1,-1,-1
366,1229,-1,-1,-1
367,1229,-1,-1,-1
368,1229,-1,-1,-1
369,1229,-1,-1,-1
370,1229,-1,-1,-1
371,1229,-1,-1,-1
372,1229,-1,-1,-1
373,1229,-1,-1,-1
374,1229,-1,-1,-1
375,1229,-1,-1,-1
376,1229,-1,-1,-1
377,1229,-1,-1,-1
378,1229,-1,-1,-1
379,1229,-1,-1,-1
380,1229,-1,-1,-1
381,1229,-1,-1,-1
382,1229,-1,-1,-1
383,1229,-1,-1,-1
384,1229,-1,-1,-1
385,1229,-1,-1,-1
386,1229,-1,-1,-1
387,1215,421,3,0
387,1229,-1,-1,-1
388,1229,-1,-1,-1
389,1229,-1,-1,-1
390,1229,-1,-1,-1
391,1229,-1,-1,-1
392,1229,-1,-1,-1
393,1229,-1,-1,-1
394,1229,-1,-1,-1
395,1229,-1,-1,-1
396,1229,-1,-1,-1
397,1229,-1,-1,-1
398,1229,-1,-1,-1
399,1229,-1,-1,-1
399,1237,433,3,0
400,1229,-1,-1,-1
401,1187,435,3,0
401,1229,-1,-1,-1
402,1229,-1,-1,-1
403,1229,-1,-1,-1
404,1229,-1,-1,-1
405,1229,-1,-1,-1
406,1229,-1,-1,-1
407,1229,-1,-1,-1
408,1229,-1,-1,-1
409,1229,-1,-1,-1
410,1229,-1,-1,-1
411,1212,377,0,3
411,1229,-1,-1,-1
412,1229,-1,-1,-1
413,1229,-1,-1,-1
414,1229,-1,-1,-1
415,1229,-1,-1,-1
416,1229,-1,-1,-1
417,1229,-1,-1,-1
418,1229,-1,-1,-1
419,1229,-1,-1,-1
420,1229,-1,-1,-1
421,1215,455,3,0
421,1229,-1,-1,-1
422,1229,-1,-1,-1
423,1229,-1,-1,-1
424,1229,-1,-1,-1
425,1229,-1,-1,-1
426,1229,-1,-1,-1
427,1229,-1,-1,-1
428,1229,-1,-1,-1
429,1229,-1,-1,-1
429,1237,428,1,2
430,1229,-1,-1,-1
431,1229,-1,-1,-1
432,1229,-1,-1,-1
433,1229,-1,-1,-1
434,1229,-1,-1,-1
435,1229,-1,-1,-1
436,1229,-1,-1,-1
437,1229,-1,-1,-1
438,1229,-1,-1,-1
439,1229,-1,-1,-1
440,1229,-1,-1,-1
441,1229,-1,-1,-1
442,1229,-1,-1,-1
443,1229,-1,-1,-1
444,1226,410,0,3
444,1229,-1,-1,-1
445,1229,-1,-1,-1
446,1229,-1,-1,-1
447,1229,-1,-1,-1
448,1229,-1,-1,-1
449,1229,-1,-1,-1
450,1229,-1,-1,-1
451,1229,-1,-1,-1
452,1229,-1,-1,-1
453,1229,-1,-1,-1
454,1229,-1,-1,-1
455,1215,489,3,0
455,1229,-1,-1,-1
456,1229,-1,-1,-1
457,1229,-1,-1,-1
458,1229,-1,-1,-1
459,1229,-1,-1,-1
460,1229,-1,-1,-1
461,1229,-1,-1,-1
462,1229,-1,-1,-1
463,1229,-1,-1,-1
463,1237,462,1,2
464,1229,-1,-1,-1
465,1229,-1,-1,-1
466,1229,-1,-1,-1
467,1229,-1,-1,-1
468,1229,-1,-1,-1
469,1229,-1,-1,-1
470,1229,-1,-1,-1
471,1229,-1,-1,-1
472,1229,-1,-1,-1
473,1229,-1,-1,-1
474,1229,-1,-1,-1
475,1229,-1,-1,-1
476,1229,-1,-1,-1
477,1229,-1,-1,-1
478,1229,-1,-1,-1
479,1229,-1,-1,-1
480,1229,-1,-1,-1
481,1229,-1,-1,-1
482,1229,-1,-1,-1
483,1229,-1,-1,-1
484,1229,-1,-1,-1
485,1181,451,0,3
485,1198,451,0,3
485,1229,-1,-1,-1
486,1229,-1,-1,-1
487,1229,-1,-1,-1
488,1229,-1,-1,-1
489,1215,523,3,0
489,1229,-1,-1,-1
490,1215,524,3,0
490,1229,-1,-1,-1
491,1229,-1,-1,-1
492,1229,-1,-1,-1
493,1229,-1,-1,-1
494,1229,-1,-1,-1
495,1229,-1,-1,-1
496,1229,-1,-1,-1
497,1229,-1,-1,-1
497,1237,496,1,2
498,1229,-1,-1,-1
499,1229,-1,-1,-1
500,1187,534,3,0
500,1229,-1,-1,-1
501,1229,-1,-1,-1
502,1229,-1,-1,-1
503,1229,-1,-1,-1
504,1187,538,3,0
504,1229,-1,-1,-1
505,1229,-1,-1,-1
506,1229,-1,-1,-1
507,1229,-1,-1,-1
508,1229,-1,-1,-1
509,1229,-1,-1,-1
510,1229,-1,-1,-1
511,1229,-1,-1,-1
512,1229,-1,-1,-1
513,1229,-1,-1,-1
514,1229,-1,-1,-1
515,1229,-1,-1,-1
516,1190,482,0,3
516,1229,-1,-1,-1
517,1229,-1,-1,-1
518,1229,-1,-1,-1
519,1229,-1,-1,-1
520,1229,-1,-1,-1
521,1198,487,0,3
521,1229,-1,-1,-1
522,1229,-1,-1,-1
523,1215,557,3,0
523,1229,-1,-1,-1
524,1215,558,3,0
524,1229,-1,-1,-1
525,1229,-1,-1,-1
526,1229,-1,-1,-1
527,1229,-1,-1,-1
528,1229,-1,-1,-1
529,1229,-1,-1,-1
530,1229,-1,-1,-1
531,1229,-1,-1,-1
532,1229,-1,-1,-1
533,1229,-1,-1,-1
534,1229,-1,-1,-1
535,1229,-1,-1,-1
536,1229,-1,-1,-1
537,1166,538,2,1
537,1229,-1,-1,-1
538,1187,572,3,0
538,1229,-1,-1,-1
539,1229,-1,-1,-1
540,1229,-1,-1,-1
541,1229,-1,-1,-1
542,1229,-1,-1,-1
543,1229,-1,-1,-1
544,1229,-1,-1,-1
545,1229,-1,-1,-1
546,1229,-1,-1,-1
547,1187,581,3,0
547,1229,-1,-1,-1
548,1229,-1,-1,-1
549,1229,-1,-1,-1
550,1215,551,2,1
550,1229,-1,-1,-1
551,1229,-1,-1,-1
552,1229,-1,-1,-1
553,1229,-1,-1,-1
554,1229,-1,-1,-1
555,1229,-1,-1,-1
556,1158,555,1,2
556,1229,-1,-1,-1
557,1215,591,3,0
557,1229,-1,-1,-1
558,1215,592,3,0
558,1227,592,3,0
558,1229,-1,-1,-1
559,1229,-1,-1,-1
560,1229,-1,-1,-1
561,1215,595,3,0
561,1229,-1,-1,-1
562,1229,-1,-1,-1
563,1229,-1,-1,-1
564,1229,-1,-1,-1
565,1225,566,2,1
565,1229,-1,-1,-1
566,1229,-1,-1,-1
567,1229,-1,-1,-1
568,1229,-1,-1,-1
569,1229,-1,-1,-1
570,1229,-1,-1,-1
571,1229,-1,-1,-1
572,1187,606,3,0
572,1229,-1,-1,-1
573,1229,-1,-1,-1
574,1229,-1,-1,-1
575,1229,-1,-1,-1
576,1229,-1,-1,-1
577,1229,-1,-1,-1
578,1229,-1,-1,-1
579,1229,-1,-1,-1
580,1229,-1,-1,-1
581,1187,615,3,0
581,1229,-1,-1,-1
582,1229,-1,-1,-1
583,1229,-1,-1,-1
584,1229,-1,-1,-1
585,1229,-1,-1,-1
586,1229,-1,-1,-1
587,1229,-1,-1,-1
588,1229,-1,-1,-1
589,1229,-1,-1,-1
590,1229,-1,-1,-1
591,1215,625,3,0
591,1229,-1,-1,-1
592,1215,626,3,0
592,1229,-1,-1,-1
593,1229,-1,-1,-1
594,1229,-1,-1,-1
595,1215,629,3,0
595,1229,-1,-1,-1
596,1229,-1,-1,-1
597,1198,598,2,1
597,1229,-1,-1,-1
598,1229,-1,-1,-1
599,1229,-1,-1,-1
600,1229,-1,-1,-1
601,1229,-1,-1,-1
602,1229,-1,-1,-1
603,1229,-1,-1,-1
604,1187,638,3,0
604,1229,-1,-1,-1
605,1187,639,3,0
605,1229,-1,-1,-1
606,1187,640,3,0
606,1229,-1,-1,-1
607,1229,-1,-1,-1
608,1229,-1,-1,-1
609,1229,-1,-1,-1
610,1229,-1,-1,-1
611,1229,-1,-1,-1
612,1229,-1,-1,-1
613,1229,-1,-1,-1
614,1229,-1,-1,-1
615,1187,1187,4,0
615,1198,614,1,2
615,1229,-1,-1,-1
616,1215,617,2,1
616,1229,-1,-1,-1
617,1229,-1,-1,-1
618,1229,-1,-1,-1
619,1229,-1,-1,-1
620,1229,-1,-1,-1
621,1229,-1,-1,-1
622,1229,-1,-1,-1
623,1229,-1,-1,-1
624,1229,-1,-1,-1
625,1215,659,3,0
625,1229,-1,-1,-1
626,1215,660,3,0
626,1229,-1,-1,-1
627,1229,-1,-1,-1
628,1229,-1,-1,-1
629,1215,663,3,0
629,1229,-1,-1,-1
630,1229,-1,-1,-1
631,1198,632,2,1
631,1229,-1,-1,-1
632,1225,631,1,2
632,1229,-1,-1,-1
633,1229,-1,-1,-1
634,1229,-1,-1,-1
635,1229,-1,-1,-1
636,1229,-1,-1,-1
637,1229,-1,-1,-1
638,1229,-1,-1,-1
639,1229,-1,-1,-1
640,1159,606,0,3
640,1229,-1,-1,-1
641,1229,-1,-1,-1
642,1229,-1,-1,-1
643,1229,-1,-1,-1
644,1229,-1,-1,-1
645,1229,-1,-1,-1
646,1229,-1,-1,-1
647,1229,-1,-1,-1
648,1215,649,2,1
648,1229,-1,-1,-1
649,1198,648,1,2
649,1229,-1,-1,-1
650,1198,649,1,2
650,1229,-1,-1,-1
651,1198,650,1,2
651,1229,-1,-1,-1
652,1198,651,1,2
652,1229,-1,-1,-1
653,1198,652,1,2
653,1229,-1,-1,-1
654,1229,-1,-1,-1
655,1229,-1,-1,-1
656,1183,655,1,2
656,1229,-1,-1,-1
657,1229,-1,-1,-1
658,1229,-1,-1,-1
659,1215,693,3,0
659,1229,-1,-1,-1
660,1215,694,3,0
660,1229,-1,-1,-1
661,1229,-1,-1,-1
662,1229,-1,-1,-1
663,1215,697,3,0
663,1229,-1,-1,-1
664,1198,665,2,1
664,1229,-1,-1,-1
665,1229,-1,-1,-1
666,1225,665,1,2
666,1229,-1,-1,-1
667,1229,-1,-1,-1
668,1229,-1,-1,-1
669,1229,-1,-1,-1
670,1229,-1,-1,-1
671,1225,637,0,3
671,1229,-1,-1,-1
672,1229,-1,-1,-1
673,1229,-1,-1,-1
674,1229,-1,-1,-1
675,1229,-1,-1,-1
676,1229,-1,-1,-1
677,1229,-1,-1,-1
678,1229,-1,-1,-1
679,1229,-1,-1,-1
680,1229,-1,-1,-1
681,1229,-1,-1,-1
682,1229,-1,-1,-1
683,1229,-1,-1,-1
684,1229,-1,-1,-1
685,1229,-1,-1,-1
686,1229,-1,-1,-1
687,1229,-1,-1,-1
688,1229,-1,-1,-1
689,1229,-1,-1,-1
690,1229,-1,-1,-1
691,1215,725,3,0
691,1229,-1,-1,-1
692,1215,726,3,0
692,1229,-1,-1,-1
693,1215,727,3,0
693,1229,-1,-1,-1
694,1215,728,3,0
694,1229,-1,-1,-1
695,1229,-1,-1,-1
696,1229,-1,-1,-1
697,1215,731,3,0
697,1229,-1,-1,-1
698,1198,699,2,1
698,1229,-1,-1,-1
699,1229,-1,-1,-1
700,1225,699,1,2
700,1229,-1,-1,-1
701,1229,-1,-1,-1
702,1229,-1,-1,-1
703,1229,-1,-1,-1
704,1229,-1,-1,-1
705,1225,671,0,3
705,1229,-1,-1,-1
706,1229,-1,-1,-1
707,1229,-1,-1,-1
708,1229,-1,-1,-1
709,1229,-1,-1,-1
710,1229,-1,-1,-1
711,1229,-1,-1,-1
712,1229,-1,-1,-1
713,1178,712,1,2
713,1229,-1,-1,-1
714,1229,-1,-1,-1
715,1215,716,2,1
715,1229,-1,-1,-1
716,1229,-1,-1,-1
717,1229,-1,-1,-1
718,1229,-1,-1,-1
719,1229,-1,-1,-1
720,1229,-1,-1,-1
721,1229,-1,-1,-1
722,1229,-1,-1,-1
723,1229,-1,-1,-1
724,1229,-1,-1,-1
725,1229,-1,-1,-1
726,1229,-1,-1,-1
727,1229,-1,-1,-1
728,1229,-1,-1,-1
729,1229,-1,-1,-1
730,1229,-1,-1,-1
731,1215,1215,4,0
731,1229,-1,-1,-1
732,1198,733,2,1
732,1229,-1,-1,-1
733,1229,-1,-1,-1
734,1225,733,1,2
734,1229,-1,-1,-1
735,1229,-1,-1,-1
736,1229,-1,-1,-1
737,1229,-1,-1,-1
738,1229,-1,-1,-1
739,1229,-1,-1,-1
740,1229,-1,-1,-1
741,1229,-1,-1,-1
742,1229,-1,-1,-1
743,1229,-1,-1,-1
744,1229,-1,-1,-1
745,1229,-1,-1,-1
746,1229,-1,-1,-1
747,1229,-1,-1,-1
748,1229,-1,-1,-1
749,1215,750,2,1
749,1229,-1,-1,-1
750,1229,-1,-1,-1
751,1229,-1,-1,-1
752,1229,-1,-1,-1
752,1239,753,2,1
753,1229,-1,-1,-1
754,1229,-1,-1,-1
755,1229,-1,-1,-1
756,1229,-1,-1,-1
757,1229,-1,-1,-1
758,1229,-1,-1,-1
759,1229,-1,-1,-1
760,1225,759,1,2
760,1229,-1,-1,-1
761,1229,-1,-1,-1
762,1215,728,0,3
762,1229,-1,-1,-1
763,1229,-1,-1,-1
764,1229,-1,-1,-1
765,1215,731,0,3
765,1229,-1,-1,-1
766,1198,767,2,1
766,1229,-1,-1,-1
767,1229,-1,-1,-1
768,1225,767,1,2
768,1229,-1,-1,-1
769,1229,-1,-1,-1
770,1229,-1,-1,-1
771,1229,-1,-1,-1
772,1229,-1,-1,-1
773,1229,-1,-1,-1
774,1229,-1,-1,-1
775,1229,-1,-1,-1
776,1225,742,0,3
776,1229,-1,-1,-1
777,1229,-1,-1,-1
778,1229,-1,-1,-1
779,1229,-1,-1,-1
780,1229,-1,-1,-1
781,1229,-1,-1,-1
782,1229,-1,-1,-1
783,1215,784,2,1
783,1229,-1,-1,-1
784,1229,-1,-1,-1
785,1229,-1,-1,-1
786,1229,-1,-1,-1
787,1229,-1,-1,-1
788,1229,-1,-1,-1
789,1229,-1,-1,-1
790,1229,-1,-1,-1
791,1229,-1,-1,-1
792,1229,-1,-1,-1
793,1229,-1,-1,-1
794,1225,793,1,2
794,1229,-1,-1,-1
795,1229,-1,-1,-1
796,1215,762,0,3
796,1229,-1,-1,-1
797,1229,-1,-1,-1
798,1229,-1,-1,-1
799,1215,765,0,3
799,1229,-1,-1,-1
800,1198,834,3,0
800,1229,-1,-1,-1
801,1229,-1,-1,-1
802,1225,801,1,2
802,1229,-1,-1,-1
803,1229,-1,-1,-1
804,1229,-1,-1,-1
805,1229,-1,-1,-1
806,1229,-1,-1,-1
807,1229,-1,-1,-1
808,1229,-1,-1,-1
809,1229,-1,-1,-1
810,1225,811,2,1
810,1229,-1,-1,-1
811,1229,-1,-1,-1
812,1229,-1,-1,-1
813,1229,-1,-1,-1
814,1229,-1,-1,-1
815,1229,-1,-1,-1
816,1229,-1,-1,-1
817,1215,818,2,1
817,1229,-1,-1,-1
818,1229,-1,-1,-1
819,1229,-1,-1,-1
820,1213,821,2,1
820,1229,-1,-1,-1
821,1229,-1,-1,-1
822,1229,-1,-1,-1
822,1239,823,2,1
823,1229,-1,-1,-1
823,1250,857,3,0
824,1229,-1,-1,-1
825,1229,-1,-1,-1
826,1229,-1,-1,-1
827,1229,-1,-1,-1
828,1225,827,1,2
828,1229,-1,-1,-1
829,1229,-1,-1,-1
830,1215,796,0,3
830,1229,-1,-1,-1
831,1229,-1,-1,-1
832,1228,866,3,0
832,1229,-1,-1,-1
833,1215,799,0,3
833,1229,-1,-1,-1
834,1229,-1,-1,-1
835,1229,-1,-1,-1
836,1225,835,1,2
836,1229,-1,-1,-1
837,1229,-1,-1,-1
838,1229,-1,-1,-1
839,1229,-1,-1,-1
839,1230,805,0,3
840,1229,-1,-1,-1
841,1229,-1,-1,-1
842,1229,-1,-1,-1
843,1229,-1,-1,-1
844,1225,845,2,1
844,1229,-1,-1,-1
845,1229,-1,-1,-1
846,1229,-1,-1,-1
847,1229,-1,-1,-1
848,1229,-1,-1,-1
849,1229,-1,-1,-1
850,1229,-1,-1,-1
851,1215,852,2,1
851,1229,-1,-1,-1
852,1229,-1,-1,-1
853,1229,-1,-1,-1
854,1229,-1,-1,-1
855,1229,-1,-1,-1
856,1229,-1,-1,-1
857,1229,-1,-1,-1
857,1250,891,3,0
858,1229,-1,-1,-1
859,1229,-1,-1,-1
860,1229,-1,-1,-1
861,1181,895,3,0
861,1198,895,3,0
861,1229,-1,-1,-1
862,1225,861,1,2
862,1229,-1,-1,-1
862,1248,861,1,2
863,1229,-1,-1,-1
864,1215,830,0,3
864,1229,-1,-1,-1
865,1229,-1,-1,-1
866,1229,-1,-1,-1
867,1215,833,0,3
867,1229,-1,-1,-1
868,1229,-1,-1,-1
869,1229,-1,-1,-1
870,1225,869,1,2
870,1229,-1,-1,-1
871,1229,-1,-1,-1
872,1229,-1,-1,-1
873,1229,-1,-1,-1
874,1229,-1,-1,-1
875,1229,-1,-1,-1
876,1229,-1,-1,-1
877,1220,878,2,1
877,1229,-1,-1,-1
878,1225,879,2,1
878,1229,-1,-1,-1
879,1229,-1,-1,-1
880,1229,-1,-1,-1
881,1229,-1,-1,-1
882,1229,-1,-1,-1
883,1229,-1,-1,-1
884,1229,-1,-1,-1
885,1229,-1,-1,-1
886,1229,-1,-1,-1
887,1229,-1,-1,-1
888,1229,-1,-1,-1
889,1220,890,2,1
889,1229,-1,-1,-1
890,1213,891,2,1
890,1229,-1,-1,-1
890,1250,891,2,1
891,1229,-1,-1,-1
891,1250,925,3,0
892,1229,-1,-1,-1
893,1229,-1,-1,-1
894,1229,-1,-1,-1
895,1229,-1,-1,-1
896,1225,895,1,2
896,1229,-1,-1,-1
897,1199,896,1,2
897,1229,-1,-1,-1
898,1215,864,0,3
898,1229,-1,-1,-1
899,1229,-1,-1,-1
900,1229,-1,-1,-1
901,1215,867,0,3
901,1229,-1,-1,-1
902,1229,-1,-1,-1
903,1229,-1,-1,-1
904,1225,903,1,2
904,1229,-1,-1,-1
905,1229,-1,-1,-1
906,1229,-1,-1,-1
907,1229,-1,-1,-1
908,1229,-1,-1,-1
909,1229,-1,-1,-1
910,1229,-1,-1,-1
911,1229,-1,-1,-1
912,1225,913,2,1
912,1229,-1,-1,-1
913,1229,-1,-1,-1
914,1229,-1,-1,-1
915,1229,-1,-1,-1
916,1229,-1,-1,-1
917,1229,-1,-1,-1
918,1229,-1,-1,-1
919,1229,-1,-1,-1
920,1229,-1,-1,-1
921,1229,-1,-1,-1
922,1229,-1,-1,-1
923,1229,-1,-1,-1
924,1229,-1,-1,-1
924,1250,925,2,1
925,1229,-1,-1,-1
925,1250,959,3,0
926,1198,960,3,0
926,1229,-1,-1,-1
927,1229,-1,-1,-1
928,1229,-1,-1,-1
929,1229,-1,-1,-1
930,1225,929,1,2
930,1229,-1,-1,-1
931,1229,-1,-1,-1
932,1215,898,0,3
932,1229,-1,-1,-1
933,1229,-1,-1,-1
934,1229,-1,-1,-1
935,1215,901,0,3
935,1229,-1,-1,-1
936,1229,-1,-1,-1
937,1229,-1,-1,-1
938,1225,937,1,2
938,1229,-1,-1,-1
939,1229,-1,-1,-1
940,1229,-1,-1,-1
941,1229,-1,-1,-1
942,1229,-1,-1,-1
943,1229,-1,-1,-1
944,1229,-1,-1,-1
945,1229,-1,-1,-1
946,1225,947,2,1
946,1229,-1,-1,-1
947,1229,-1,-1,-1
948,1229,-1,-1,-1
949,1229,-1,-1,-1
950,1229,-1,-1,-1
951,1229,-1,-1,-1
952,1229,-1,-1,-1
953,1229,-1,-1,-1
954,1229,-1,-1,-1
955,1229,-1,-1,-1
956,1215,957,2,1
956,1229,-1,-1,-1
957,1229,-1,-1,-1
958,1229,-1,-1,-1
959,1229,-1,-1,-1
959,1250,1250,4,0
960,1181,994,3,0
960,1198,994,3,0
960,1229,-1,-1,-1
961,1216,960,1,2
961,1229,-1,-1,-1
962,1229,-1,-1,-1
963,1229,-1,-1,-1
964,1225,963,1,2
964,1229,-1,-1,-1
965,1229,-1,-1,-1
966,1215,932,0,3
966,1229,-1,-1,-1
967,1229,-1,-1,-1
968,1229,-1,-1,-1
969,1215,935,0,3
969,1229,-1,-1,-1
970,1229,-1,-1,-1
971,1229,-1,-1,-1
972,1225,971,1,2
972,1229,-1,-1,-1
973,1229,-1,-1,-1
974,1229,-1,-1,-1
975,1229,-1,-1,-1
976,1229,-1,-1,-1
977,1229,-1,-1,-1
978,1229,-1,-1,-1
979,1229,-1,-1,-1
980,1225,981,2,1
980,1229,-1,-1,-1
981,1229,-1,-1,-1
982,1229,-1,-1,-1
983,1229,-1,-1,-1
984,1229,-1,-1,-1
985,1229,-1,-1,-1
986,1229,-1,-1,-1
987,1229,-1,-1,-1
988,1229,-1,-1,-1
989,1229,-1,-1,-1
989,1241,955,0,3
990,1229,-1,-1,-1
991,1229,-1,-1,-1
992,1229,-1,-1,-1
993,1229,-1,-1,-1
994,1229,-1,-1,-1
995,1229,-1,-1,-1
996,1229,-1,-1,-1
997,1229,-1,-1,-1
998,1187,997,1,2
998,1225,997,1,2
998,1229,-1,-1,-1
999,1229,-1,-1,-1
1000,1215,966,0,3
1000,1229,-1,-1,-1
1001,1229,-1,-1,-1
1002,1229,-1,-1,-1
1003,1215,969,0,3
1003,1229,-1,-1,-1
1004,1229,-1,-1,-1
1005,1229,-1,-1,-1
1006,1225,1005,1,2
1006,1229,-1,-1,-1
1007,1229,-1,-1,-1
1008,1229,-1,-1,-1
1009,1229,-1,-1,-1
1010,1229,-1,-1,-1
1011,1229,-1,-1,-1
1012,1229,-1,-1,-1
1013,1229,-1,-1,-1
1014,1225,1015,2,1
1014,1229,-1,-1,-1
1015,1229,-1,-1,-1
1016,1229,-1,-1,-1
1017,1229,-1,-1,-1
1018,1229,-1,-1,-1
1019,1229,-1,-1,-1
1020,1229,-1,-1,-1
1021,1229,-1,-1,-1
1022,1229,-1,-1,-1
1023,1229,-1,-1,-1
1024,1229,-1,-1,-1
1025,1229,-1,-1,-1
1026,1229,-1,-1,-1
1027,1229,-1,-1,-1
1028,1229,-1,-1,-1
1029,1213,995,0,3
1029,1229,-1,-1,-1
1030,1229,-1,-1,-1
1031,1229,-1,-1,-1
1032,1225,1031,1,2
1032,1227,1033,2,1
1032,1229,-1,-1,-1
1033,1227,1034,2,1
1033,1229,-1,-1,-1
1034,1215,1000,0,3
1034,1227,1227,4,0
1034,1229,-1,-1,-1
1035,1229,-1,-1,-1
1036,1229,-1,-1,-1
1037,1215,1003,0,3
1037,1229,-1,-1,-1
1038,1229,-1,-1,-1
1039,1229,-1,-1,-1
1040,1229,-1,-1,-1
1041,1218,1042,2,1
1041,1229,-1,-1,-1
1042,1229,-1,-1,-1
1043,1229,-1,-1,-1
1044,1229,-1,-1,-1
1045,1229,-1,-1,-1
1046,1229,-1,-1,-1
1047,1229,-1,-1,-1
1048,1225,1049,2,1
1048,1229,-1,-1,-1
1049,1229,-1,-1,-1
1050,1229,-1,-1,-1
1051,1229,-1,-1,-1
1052,1229,-1,-1,-1
1053,1229,-1,-1,-1
1054,1229,-1,-1,-1
1055,1229,-1,-1,-1
1056,1229,-1,-1,-1
1057,1229,-1,-1,-1
1057,1239,1091,3,0
1058,1229,-1,-1,-1
1058,1239,1092,3,0
1059,1229,-1,-1,-1
1059,1239,1093,3,0
1060,1229,-1,-1,-1
1060,1239,1094,3,0
1061,1229,-1,-1,-1
1061,1239,1095,3,0
1062,1229,-1,-1,-1
1063,1180,1180,4,0
1063,1229,-1,-1,-1
1064,1229,-1,-1,-1
1065,1229,-1,-1,-1
1066,1225,1065,1,2
1066,1229,-1,-1,-1
1067,1229,-1,-1,-1
1068,1215,1034,0,3
1068,1229,-1,-1,-1
1068,1255,1067,1,2
1069,1229,-1,-1,-1
1070,1229,-1,-1,-1
1071,1215,1037,0,3
1071,1229,-1,-1,-1
1072,1229,-1,-1,-1
1073,1229,-1,-1,-1
1074,1225,1073,1,2
1074,1229,-1,-1,-1
1075,1225,1074,1,2
1075,1229,-1,-1,-1
1076,1225,1075,1,2
1076,1229,-1,-1,-1
1077,1225,1076,1,2
1077,1229,-1,-1,-1
1078,1225,1077,1,2
1078,1229,-1,-1,-1
1079,1229,-1,-1,-1
1080,1229,-1,-1,-1
1081,1229,-1,-1,-1
1082,1229,-1,-1,-1
1083,1229,-1,-1,-1
1084,1229,-1,-1,-1
1085,1229,-1,-1,-1
1086,1229,-1,-1,-1
1087,1229,-1,-1,-1
1088,1229,-1,-1,-1
1089,1229,-1,-1,-1
1090,1229,-1,-1,-1
1091,1229,-1,-1,-1
1092,1181,1093,2,1
1092,1198,1093,2,1
1092,1229,-1,-1,-1
1093,1229,-1,-1,-1
1094,1229,-1,-1,-1
1095,1229,-1,-1,-1
1096,1215,1062,0,3
1096,1229,-1,-1,-1
1097,1229,-1,-1,-1
1098,1229,-1,-1,-1
1099,1229,-1,-1,-1
1100,1229,-1,-1,-1
1101,1229,-1,-1,-1
1102,1215,1068,0,3
1102,1229,-1,-1,-1
1103,1229,-1,-1,-1
1104,1229,-1,-1,-1
1105,1215,1071,0,3
1105,1229,-1,-1,-1
1106,1229,-1,-1,-1
1107,1229,-1,-1,-1
1108,1229,-1,-1,-1
1109,1225,1108,1,2
1109,1229,-1,-1,-1
1110,1225,1109,1,2
1110,1229,-1,-1,-1
1111,1225,1110,1,2
1111,1229,-1,-1,-1
1112,1229,-1,-1,-1
1113,1229,-1,-1,-1
1114,1229,-1,-1,-1
1115,1225,1116,2,1
1115,1229,-1,-1,-1
1116,1229,-1,-1,-1
1117,1229,-1,-1,-1
1118,1229,-1,-1,-1
1119,1229,-1,-1,-1
1120,1229,-1,-1,-1
1121,1229,-1,-1,-1
1122,1229,-1,-1,-1
1123,1229,-1,-1,-1
1124,1229,-1,-1,-1
1125,1213,3,3,3
1125,1229,-1,-1,-1
1126,1213,4,3,3
1126,1229,-1,-1,-1
1127,1213,5,3,3
1127,1229,-1,-1,-1
1128,1213,6,3,3
1128,1229,-1,-1,-1
1129,1213,7,3,3
1129,1229,-1,-1,-1
1130,1229,-1,-1,-1
1131,1229,-1,-1,-1
1132,1215,1098,0,3
1132,1229,-1,-1,-1
1133,1229,-1,-1,-1
1134,1229,-1,-1,-1
1135,1229,-1,-1,-1
1136,1215,1102,0,3
1136,1229,-1,-1,-1
1137,1229,-1,-1,-1
1138,1229,-1,-1,-1
1139,1215,1105,0,3
1139,1229,-1,-1,-1
1140,1229,-1,-1,-1
1141,1229,-1,-1,-1
1142,1229,-1,-1,-1
1143,1229,-1,-1,-1
1144,1229,-1,-1,-1
1145,1229,-1,-1,-1
1146,1229,-1,-1,-1
1147,1229,-1,-1,-1
1148,1229,-1,-1,-1
1149,1229,-1,-1,-1
1150,1229,-1,-1,-1
1151,1229,-1,-1,-1
1152,1229,-1,-1,-1
1153,1229,-1,-1,-1
1154,1229,-1,-1,-1
1155,1229,-1,-1,-1
1156,1229,-1,-1,-1
1157,1181,114,0,4
1157,1229,-1,-1,-1
1158,1198,217,0,4
1158,1229,-1,-1,-1
1159,1181,235,0,4
1159,1229,-1,-1,-1
1160,1229,-1,-1,-1
1161,1229,-1,-1,-1
1162,1181,216,0,4
1162,1198,216,0,4
1162,1229,-1,-1,-1
1163,1229,-1,-1,-1
1164,1181,1133,0,4
1164,1225,1100,0,4
1164,1229,-1,-1,-1
1165,1229,-1,-1,-1
1166,1187,579,0,4
1166,1207,148,0,4
1166,1229,-1,-1,-1
1167,1171,478,0,4
1167,1181,80,0,4
1167,1229,-1,-1,-1
1168,1229,-1,-1,-1
1169,1192,545,0,4
1169,1229,-1,-1,-1
1169,1242,546,0,4
1169,1251,546,0,4
1170,1229,-1,-1,-1
1171,1167,547,0,4
1171,1229,-1,-1,-1
1172,1229,-1,-1,-1
1173,1229,-1,-1,-1
1174,1229,-1,-1,-1
1175,1229,-1,-1,-1
1175,1233,614,0,4
1176,1229,-1,-1,-1
1177,1229,-1,-1,-1
1178,1229,-1,-1,-1
1179,1181,216,0,4
1179,1198,216,0,4
1179,1229,-1,-1,-1
1180,1229,-1,-1,-1
1181,1157,182,0,4
1181,1159,182,0,4
1181,1162,182,0,4
1181,1164,182,0,4
1181,1167,182,0,4
1181,1170,182,0,4
1181,1177,182,0,4
1181,1179,182,0,4
1181,1180,182,0,4
1181,1183,182,0,4
1181,1195,182,0,4
1181,1197,182,0,4
1181,1205,182,0,4
1181,1208,182,0,4
1181,1210,182,0,4
1181,1211,182,0,4
1181,1215,182,0,4
1181,1225,182,0,4
1181,1229,-1,-1,-1
1181,1234,182,0,4
1181,1235,182,0,4
1181,1236,182,0,4
1181,1243,182,0,4
1181,1246,182,0,4
1181,1249,182,0,4
1181,1254,182,0,4
1182,1229,-1,-1,-1
1183,1229,-1,-1,-1
1184,1229,-1,-1,-1
1185,1172,167,0,4
1185,1204,133,0,4
1185,1229,-1,-1,-1
1186,1229,-1,-1,-1
1187,1160,615,0,4
1187,1166,615,0,4
1187,1169,615,0,4
1187,1171,615,0,4
1187,1175,615,0,4
1187,1181,615,0,4
1187,1184,615,0,4
1187,1186,615,0,4
1187,1191,615,0,4
1187,1192,615,0,4
1187,1196,615,0,4
1187,1197,615,0,4
1187,1198,615,0,4
1187,1201,615,0,4
1187,1202,615,0,4
1187,1203,615,0,4
1187,1204,615,0,4
1187,1207,615,0,4
1187,1214,615,0,4
1187,1229,-1,-1,-1
1187,1233,615,0,4
1187,1238,615,0,4
1187,1242,615,0,4
1187,1251,615,0,4
1187,1255,615,0,4
1188,1229,-1,-1,-1
1189,1215,650,0,4
1189,1229,-1,-1,-1
1190,1229,-1,-1,-1
1191,1229,-1,-1,-1
1192,1169,545,0,4
1192,1229,-1,-1,-1
1193,1229,-1,-1,-1
1193,1239,1092,0,4
1194,1229,-1,-1,-1
1194,1247,46,0,4
1195,1229,-1,-1,-1
1196,1187,615,0,4
1196,1201,614,0,4
1196,1229,-1,-1,-1
1197,1181,182,0,4
1197,1229,-1,-1,-1
1198,1156,647,0,4
1198,1158,217,0,4
1198,1161,647,0,4
1198,1162,182,0,4
1198,1163,647,0,4
1198,1165,647,0,4
1198,1176,614,0,4
1198,1179,182,0,4
1198,1185,614,0,4
1198,1187,614,0,4
1198,1188,647,0,4
1198,1189,647,0,4
1198,1193,647,0,4
1198,1199,217,0,4
1198,1209,614,0,4
1198,1212,647,0,4
1198,1213,647,0,4
1198,1216,647,0,4
1198,1218,647,0,4
1198,1220,647,0,4
1198,1223,217,0,4
1198,1224,614,0,4
1198,1226,647,0,4
1198,1229,-1,-1,-1
1198,1230,647,0,4
1198,1232,614,0,4
1198,1237,614,0,4
1198,1239,647,0,4
1198,1241,614,0,4
1198,1243,182,0,4
1198,1244,647,0,4
1198,1248,647,0,4
1198,1249,182,0,4
1198,1250,647,0,4
1198,1253,647,0,4
1199,1198,217,0,4
1199,1229,-1,-1,-1
1200,1229,-1,-1,-1
1201,1196,614,0,4
1201,1229,-1,-1,-1
1202,1229,-1,-1,-1
1202,1255,613,0,4
1203,1229,-1,-1,-1
1204,1185,84,0,4
1204,1187,612,0,4
1204,1229,-1,-1,-1
1205,1229,-1,-1,-1
1206,1229,-1,-1,-1
1207,1166,216,0,4
1207,1187,615,0,4
1207,1229,-1,-1,-1
1208,1181,12,0,4
1208,1229,-1,-1,-1
1209,1229,-1,-1,-1
1209,1241,582,0,4
1210,1229,-1,-1,-1
1211,1181,182,0,4
1211,1229,-1,-1,-1
1211,1250,581,0,4
1212,1229,-1,-1,-1
1213,1164,3,0,4
1213,1208,3,0,4
1213,1212,3,0,4
1213,1229,-1,-1,-1
1213,1234,3,0,4
1213,1244,3,0,4
1213,1247,3,0,4
1213,1250,3,0,4
1214,1229,-1,-1,-1
1215,1156,731,0,4
1215,1161,731,0,4
1215,1165,731,0,4
1215,1176,731,0,4
1215,1181,235,0,4
1215,1188,731,0,4
1215,1189,731,0,4
1215,1193,731,0,4
1215,1212,731,0,4
1215,1213,731,0,4
1215,1216,731,0,4
1215,1218,731,0,4
1215,1220,731,0,4
1215,1226,731,0,4
1215,1229,-1,-1,-1
1215,1230,731,0,4
1215,1232,731,0,4
1215,1239,731,0,4
1215,1244,731,0,4
1215,1248,731,0,4
1215,1250,731,0,4
1215,1253,731,0,4
1215,1254,731,0,4
1216,1229,-1,-1,-1
1217,1229,-1,-1,-1
1218,1229,-1,-1,-1
1219,1229,-1,-1,-1
1220,1229,-1,-1,-1
1221,1229,-1,-1,-1
1222,1229,-1,-1,-1
1223,1198,217,0,4
1223,1229,-1,-1,-1
1224,1229,-1,-1,-1
1225,1164,1098,0,4
1225,1178,1031,0,4
1225,1190,1031,0,4
1225,1222,1031,0,4
1225,1227,1064,0,4
1225,1228,1031,0,4
1225,1229,-1,-1,-1
1225,1234,1098,0,4
1225,1242,175,0,4
1225,1247,1098,0,4
1225,1252,1031,0,4
1226,1229,-1,-1,-1
1227,1213,1034,0,4
1227,1229,-1,-1,-1
1228,1229,-1,-1,-1
1229,1156,-1,-1,-1
1229,1157,-1,-1,-1
1229,1158,-1,-1,-1
1229,1159,-1,-1,-1
1229,1160,-1,-1,-1
1229,1161,-1,-1,-1
1229,1162,-1,-1,-1
1229,1163,-1,-1,-1
1229,1164,-1,-1,-1
1229,1165,-1,-1,-1
1229,1166,-1,-1,-1
1229,1167,-1,-1,-1
1229,1168,-1,-1,-1
1229,1169,-1,-1,-1
1229,1170,-1,-1,-1
1229,1171,-1,-1,-1
1229,1172,-1,-1,-1
1229,1173,-1,-1,-1
1229,1174,-1,-1,-1
1229,1175,-1,-1,-1
1229,1176,-1,-1,-1
1229,1177,-1,-1,-1
1229,1178,-1,-1,-1
1229,1179,-1,-1,-1
1229,1180,-1,-1,-1
1229,1181,-1,-1,-1
1229,1182,-1,-1,-1
1229,1183,-1,-1,-1
1229,1184,-1,-1,-1
1229,1185,-1,-1,-1
1229,1186,-1,-1,-1
1229,1187,-1,-1,-1
1229,1188,-1,-1,-1
1229,1189,-1,-1,-1
1229,1190,-1,-1,-1
1229,1191,-1,-1,-1
1229,1192,-1,-1,-1
1229,1193,-1,-1,-1
1229,1194,-1,-1,-1
1229,1195,-1,-1,-1
1229,1196,-1,-1,-1
1229,1197,-1,-1,-1
1229,1198,-1,-1,-1
1229,1199,-1,-1,-1
1229,1200,-1,-1,-1
1229,1201,-1,-1,-1
1229,1202,-1,-1,-1
1229,1203,-1,-1,-1
1229,1204,-1,-1,-1
1229,1205,-1,-1,-1
1229,1206,-1,-1,-1
1229,1207,-1,-1,-1
1229,1208,-1,-1,-1
1229,1209,-1,-1,-1
1229,1210,-1,-1,-1
1229,1211,-1,-1,-1
1229,1212,-1,-1,-1
1229,1213,-1,-1,-1
1229,1214,-1,-1,-1
1229,1215,-1,-1,-1
1229,1216,-1,-1,-1
1229,1217,-1,-1,-1
1229,1218,-1,-1,-1
1229,1219,-1,-1,-1
1229,1220,-1,-1,-1
1229,1221,-1,-1,-1
1229,1222,-1,-1,-1
1229,1223,-1,-1,-1
1229,1224,-1,-1,-1
1229,1225,-1,-1,-1
1229,1226,-1,-1,-1
1229,1227,-1,-1,-1
1229,1228,-1,-1,-1
1229,1230,-1,-1,-1
1229,1231,-1,-1,-1
1229,1232,-1,-1,-1
1229,1233,-1,-1,-1
1229,1234,-1,-1,-1
1229,1235,-1,-1,-1
1229,1236,-1,-1,-1
1229,1237,-1,-1,-1
1229,1238,-1,-1,-1
1229,1239,-1,-1,-1
1229,1240,-1,-1,-1
1229,1241,-1,-1,-1
1229,1242,-1,-1,-1
1229,1243,-1,-1,-1
1229,1244,-1,-1,-1
1229,1245,-1,-1,-1
1229,1246,-1,-1,-1
1229,1247,-1,-1,-1
1229,1248,-1,-1,-1
1229,1249,-1,-1,-1
1229,1250,-1,-1,-1
1229,1251,-1,-1,-1
1229,1252,-1,-1,-1
1229,1253,-1,-1,-1
1229,1254,-1,-1,-1
1229,1255,-1,-1,-1
1230,1229,-1,-1,-1
1230,1255,792,0,4
1231,1229,-1,-1,-1
1231,1233,932,0,4
1232,1229,-1,-1,-1
1233,1175,613,0,4
1233,1187,613,0,4
1233,1229,-1,-1,-1
1233,1231,82,0,4
1233,1234,115,0,4
1234,1225,1100,0,4
1234,1229,-1,-1,-1
1234,1233,1133,0,4
1235,1229,-1,-1,-1
1236,1229,-1,-1,-1
1237,1156,283,0,4
1237,1229,-1,-1,-1
1238,1229,-1,-1,-1
1239,1193,1091,0,4
1239,1210,1091,0,4
1239,1227,1091,0,4
1239,1229,-1,-1,-1
1239,1252,1091,0,4
1240,1229,-1,-1,-1
1241,1209,582,0,4
1241,1229,-1,-1,-1
1242,1169,614,0,4
1242,1225,183,0,4
1242,1229,-1,-1,-1
1243,1181,182,0,4
1243,1198,182,0,4
1243,1229,-1,-1,-1
1244,1229,-1,-1,-1
1245,1229,-1,-1,-1
1246,1229,-1,-1,-1
1247,1194,1134,0,4
1247,1225,1101,0,4
1247,1229,-1,-1,-1
1248,1229,-1,-1,-1
1249,1181,216,0,4
1249,1198,216,0,4
1249,1229,-1,-1,-1
1250,1156,959,0,4
1250,1158,959,0,4
1250,1162,959,0,4
1250,1163,959,0,4
1250,1171,959,0,4
1250,1173,959,0,4
1250,1175,959,0,4
1250,1179,959,0,4
1250,1181,959,0,4
1250,1182,959,0,4
1250,1187,959,0,4
1250,1189,959,0,4
1250,1196,959,0,4
1250,1198,959,0,4
1250,1199,959,0,4
1250,1201,959,0,4
1250,1203,959,0,4
1250,1207,959,0,4
1250,1209,959,0,4
1250,1211,959,0,4
1250,1221,959,0,4
1250,1223,959,0,4
1250,1224,959,0,4
1250,1229,-1,-1,-1
1250,1237,959,0,4
1250,1240,959,0,4
1250,1241,959,0,4
1250,1242,959,0,4
1250,1243,959,0,4
1250,1245,959,0,4
1250,1249,959,0,4
1250,1251,959,0,4
1251,1169,614,0,4
1251,1229,-1,-1,-1
1252,1229,-1,-1,-1
1253,1229,-1,-1,-1
1254,1215,765,0,4
1254,1229,-1,-1,-1
1255,1187,614,0,4
1255,1202,613,0,4
1255,1229,-1,-1,-1
1255,1230,580,0,4
