3,1221,4,1,0
13,1188,1135,3,3
13,1199,12,0,1
14,1188,1136,3,3
15,1188,14,0,1
19,1199,18,0,1
43,1177,77,3,0
47,1199,46,1,2
53,1199,52,1,2
57,1177,91,3,0
79,1195,45,0,3
81,1199,80,1,2
82,1192,48,0,3
86,1192,52,0,3
87,1192,53,0,3
87,1199,86,1,2
88,1192,54,0,3
89,1192,55,0,3
89,1195,55,0,3
90,1192,56,0,3
90,1217,56,0,3
115,1199,114,1,2
121,1199,120,1,2
149,1199,148,1,2
155,1199,154,1,2
158,1245,124,0,3
170,1191,204,2,0
183,1199,182,1,2
189,1199,188,1,2
201,1182,235,3,0
206,1157,240,3,0
215,1216,249,3,0
217,1199,216,1,2
251,1199,250,1,2
257,1199,256,1,2
258,1199,257,1,2
259,1199,258,1,2
260,1199,259,1,2
261,1199,260,1,2
261,1239,295,3,0
262,1199,261,1,2
280,1216,314,3,0
286,1192,285,1,2
287,1254,288,2,1
290,1178,256,0,3
291,1199,290,1,2
292,1199,291,1,2
293,1199,292,1,2
313,1166,279,0,3
320,1192,319,1,2
323,1202,322,1,2
326,1199,325,1,2
333,1162,367,3,0
354,1192,353,1,2
360,1196,326,0,3
360,1199,359,1,2
361,1195,362,2,1
366,1199,400,3,0
385,1244,384,1,2
388,1192,387,1,2
394,1199,393,1,2
422,1192,421,1,2
428,1199,427,1,2
429,1192,430,2,1
456,1192,455,1,2
461,1192,462,2,1
462,1199,461,1,2
465,1199,466,2,1
490,1192,489,1,2
496,1199,495,1,2
499,1199,500,2,1
510,1201,544,2,0
514,1162,1162,4,0
528,1159,562,3,0
530,1199,529,1,2
536,1162,537,2,1
537,1162,538,2,1
564,1199,563,1,2
565,1199,566,2,1
657,1216,691,3,0
674,1182,675,2,1
675,1182,676,2,1
676,1182,677,2,1
677,1182,678,2,1
678,1182,1182,4,0
683,1221,649,0,3
684,1221,650,0,3
685,1221,651,0,3
687,1216,688,2,1
688,1216,689,2,1
689,1216,690,2,1
690,1216,691,2,1
691,1216,1216,4,0
691,1235,690,1,2
714,1188,715,1,1
721,1188,722,2,1
722,1188,723,2,1
723,1188,724,2,1
724,1188,725,2,1
725,1188,726,2,1
726,1188,727,2,1
727,1188,728,2,1
728,1188,1188,4,0
746,1188,747,2,1
747,1188,714,2,3
748,1188,749,1,1
784,1188,785,2,1
800,1202,801,2,1
819,1188,820,2,1
855,1188,856,2,1
859,1191,893,3,0
865,1188,864,1,2
869,1199,868,1,2
874,1192,840,0,3
889,1188,890,2,1
899,1188,898,1,2
903,1199,902,1,2
904,1199,905,2,1
925,1188,891,0,3
931,1223,930,1,2
933,1188,932,1,2
937,1199,936,1,2
940,1199,941,2,1
959,1188,925,0,3
963,1165,962,1,2
967,1188,966,1,2
971,1199,970,1,2
994,1188,960,0,3
1001,1188,1000,1,2
1005,1199,1004,1,2
1020,1217,986,0,2
1028,1188,994,0,3
1029,1188,995,0,3
1033,1199,1032,1,2
1035,1188,1034,1,2
1039,1199,1038,1,2
1064,1188,1030,0,3
1065,1188,1031,0,3
1067,1199,1066,1,2
1069,1188,1068,1,2
1073,1199,1072,1,2
1080,1199,1046,0,3
1099,1188,1065,0,3
1101,1199,1100,1,2
1103,1188,1102,1,2
1107,1199,1106,1,2
1135,1188,1101,0,3
1135,1199,1134,1,2
1137,1188,1136,1,2
1141,1199,1140,1,2
1149,1178,1148,1,2
1151,1199,1117,0,3
1156,1223,649,0,4
1157,1254,478,0,4
1158,1195,581,0,4
1158,1251,216,0,4
1162,1157,514,0,4
1162,1160,514,0,4
1162,1164,514,0,4
1162,1167,514,0,4
1162,1178,514,0,4
1162,1190,514,0,4
1162,1194,514,0,4
1162,1195,514,0,4
1162,1200,514,0,4
1162,1205,514,0,4
1162,1208,514,0,4
1162,1214,514,0,4
1162,1217,514,0,4
1162,1222,514,0,4
1162,1227,514,0,4
1162,1228,514,0,4
1162,1234,514,0,4
1162,1236,514,0,4
1162,1247,514,0,4
1162,1252,514,0,4
1163,1195,616,0,4
1165,1188,759,0,4
1167,1248,46,0,4
1173,1237,217,0,4
1175,1192,614,0,4
1176,1216,657,0,4
1177,1160,77,0,4
1177,1167,77,0,4
1177,1184,77,0,4
1177,1186,77,0,4
1177,1205,77,0,4
1177,1208,77,0,4
1177,1214,77,0,4
1177,1217,77,0,4
1177,1227,77,0,4
1177,1228,77,0,4
1177,1235,243,0,4
1177,1247,77,0,4
1177,1252,77,0,4
1181,1192,614,0,4
1181,1200,614,0,4
1182,1178,678,0,4
1182,1190,678,0,4
1182,1222,678,0,4
1182,1228,678,0,4
1182,1252,678,0,4
1187,1195,549,0,4
1188,1165,728,0,4
1188,1193,728,0,4
1188,1212,728,0,4
1188,1213,728,0,4
1188,1220,728,0,4
1188,1226,728,0,4
1188,1227,728,0,4
1188,1230,728,0,4
1189,1195,616,0,4
1192,1175,545,0,4
1192,1181,545,0,4
1192,1182,48,0,4
1192,1198,545,0,4
1192,1201,545,0,4
1192,1202,545,0,4
1192,1203,545,0,4
1192,1204,48,0,4
1192,1219,48,0,4
1192,1233,48,0,4
1192,1238,545,0,4
1192,1240,48,0,4
1192,1245,48,0,4
1193,1213,725,0,4
1193,1216,1057,0,4
1194,1162,479,0,4
1194,1195,46,0,4
1195,1157,45,0,4
1195,1158,411,0,4
1195,1162,411,0,4
1195,1163,411,0,4
1195,1166,45,0,4
1195,1169,45,0,4
1195,1171,45,0,4
1195,1173,45,0,4
1195,1175,45,0,4
1195,1181,45,0,4
1195,1182,45,0,4
1195,1187,411,0,4
1195,1189,411,0,4
1195,1191,45,0,4
1195,1194,45,0,4
1195,1196,45,0,4
1195,1197,45,0,4
1195,1198,45,0,4
1195,1199,411,0,4
1195,1201,45,0,4
1195,1202,45,0,4
1195,1203,45,0,4
1195,1204,45,0,4
1195,1207,45,0,4
1195,1211,45,0,4
1195,1219,45,0,4
1195,1221,45,0,4
1195,1223,411,0,4
1195,1233,45,0,4
1195,1236,45,0,4
1195,1238,45,0,4
1195,1240,45,0,4
1195,1242,45,0,4
1195,1243,45,0,4
1195,1251,45,0,4
1195,1255,411,0,4
1198,1192,614,0,4
1199,1173,216,0,4
1199,1195,581,0,4
1199,1206,216,0,4
1199,1240,216,0,4
1199,1245,216,0,4
1200,1181,511,0,4
1201,1192,614,0,4
1201,1217,614,0,4
1202,1192,613,0,4
1203,1192,614,0,4
1207,1208,216,0,4
1207,1242,216,0,4
1208,1207,12,0,4
1210,1240,141,0,4
1212,1188,759,0,4
1213,1188,727,0,4
1213,1193,726,0,4
1214,1162,511,0,4
1216,1156,691,0,4
1216,1158,691,0,4
1216,1162,691,0,4
1216,1163,691,0,4
1216,1166,691,0,4
1216,1169,691,0,4
1216,1171,691,0,4
1216,1173,691,0,4
1216,1175,691,0,4
1216,1176,691,0,4
1216,1179,691,0,4
1216,1181,691,0,4
1216,1182,691,0,4
1216,1187,691,0,4
1216,1189,691,0,4
1216,1191,691,0,4
1216,1193,1057,0,4
1216,1196,691,0,4
1216,1197,691,0,4
1216,1198,691,0,4
1216,1199,691,0,4
1216,1201,691,0,4
1216,1202,691,0,4
1216,1203,691,0,4
1216,1204,691,0,4
1216,1207,691,0,4
1216,1209,691,0,4
1216,1211,691,0,4
1216,1219,691,0,4
1216,1221,691,0,4
1216,1223,691,0,4
1216,1224,691,0,4
1216,1233,691,0,4
1216,1237,691,0,4
1216,1238,691,0,4
1216,1241,691,0,4
1216,1242,691,0,4
1216,1243,691,0,4
1216,1249,691,0,4
1216,1251,691,0,4
1216,1255,691,0,4
1217,1201,511,0,4
1217,1242,511,0,4
1219,1253,679,0,4
1220,1188,760,0,4
1223,1156,648,0,4
1223,1195,581,0,4
1227,1188,1034,0,4
1235,1177,243,0,4
1236,1162,479,0,4
1237,1173,216,0,4
1238,1192,546,0,4
1240,1210,156,0,4
1242,1207,216,0,4
1242,1217,614,0,4
1245,1192,55,0,4
1248,1167,1023,0,4
1251,1158,216,0,4
1252,1182,508,0,4
1253,1219,695,0,4
1255,1195,547,0,4
