7,1156,41,2,0
7,1157,41,2,0
7,1158,41,2,0
7,1160,41,2,0
7,1162,41,2,0
7,1163,41,2,0
7,1164,1129,3,3
7,1166,41,2,0
7,1167,41,2,0
7,1169,41,2,0
7,1171,41,2,0
7,1172,1129,3,3
7,1173,41,2,0
7,1175,41,2,0
7,1177,41,2,0
7,1178,1129,3,3
7,1179,41,2,0
7,1181,41,2,0
7,1182,41,2,0
7,1184,41,2,0
7,1186,41,2,0
7,1187,41,2,0
7,1189,41,2,0
7,1190,1129,3,3
7,1191,41,2,0
7,1192,41,2,0
7,1194,41,2,0
7,1196,41,2,0
7,1197,41,2,0
7,1198,41,2,0
7,1199,41,2,0
7,1200,41,2,0
7,1201,41,2,0
7,1202,41,2,0
7,1203,41,2,0
7,1204,41,2,0
7,1207,41,2,0
7,1208,1129,3,3
7,1209,41,2,0
7,1210,1129,3,3
7,1211,41,2,0
7,1214,41,2,0
7,1217,41,2,0
7,1219,41,2,0
7,1221,41,2,0
7,1222,1129,3,3
7,1223,41,2,0
7,1224,41,2,0
7,1225,1129,3,3
7,1227,1129,3,3
7,1228,1129,3,3
7,1229,41,2,0
7,1231,1129,3,3
7,1233,41,2,0
7,1234,1129,3,3
7,1236,41,2,0
7,1237,41,2,0
7,1238,41,2,0
7,1240,41,2,0
7,1241,41,2,0
7,1242,41,2,0
7,1243,41,2,0
7,1245,41,2,0
7,1247,1129,3,3
7,1249,41,2,0
7,1251,41,2,0
7,1252,1129,3,3
7,1255,41,2,0
8,1161,7,0,1
8,1165,7,0,1
8,1176,7,0,1
8,1193,7,0,1
8,1216,7,0,1
8,1218,7,0,1
8,1220,7,0,1
8,1226,7,0,1
8,1230,7,0,1
8,1232,7,0,1
8,1239,7,0,1
8,1244,7,0,1
8,1248,7,0,1
8,1250,7,0,1
14,1159,15,1,0
14,1174,15,1,0
14,1215,15,1,0
15,1185,16,1,0
15,1228,16,1,0
15,1246,16,1,0
24,1159,58,2,0
24,1161,1146,3,3
24,1165,1146,3,3
24,1168,58,2,0
24,1174,58,2,0
24,1176,1146,3,3
24,1185,58,2,0
24,1188,58,2,0
24,1193,1146,3,3
24,1206,58,2,0
24,1212,1146,3,3
24,1215,58,2,0
24,1216,1146,3,3
24,1218,1146,3,3
24,1220,1146,3,3
24,1226,1146,3,3
24,1230,1146,3,3
24,1232,1146,3,3
24,1239,1146,3,3
24,1244,1146,3,3
24,1246,58,2,0
24,1248,1146,3,3
24,1250,1146,3,3
24,1253,58,2,0
24,1254,58,2,0
25,1164,24,0,1
25,1172,24,0,1
25,1178,24,0,1
25,1190,24,0,1
25,1208,24,0,1
25,1210,24,0,1
25,1222,24,0,1
25,1225,24,0,1
25,1227,24,0,1
25,1228,24,0,1
25,1231,24,0,1
25,1234,24,0,1
25,1247,24,0,1
25,1252,24,0,1
28,1163,27,0,1
30,1218,31,1,0
30,1226,31,1,0
36,1168,70,3,0
36,1174,70,3,0
41,1156,75,3,0
41,1157,75,3,0
41,1158,75,3,0
41,1162,75,3,0
41,1163,75,3,0
41,1164,7,0,2
41,1166,75,3,0
41,1169,75,3,0
41,1171,75,3,0
41,1173,75,3,0
41,1175,75,3,0
41,1177,75,3,0
41,1178,7,0,2
41,1179,75,3,0
41,1181,75,3,0
41,1182,75,3,0
41,1187,75,3,0
41,1189,75,3,0
41,1190,7,0,2
41,1191,75,3,0
41,1194,75,3,0
41,1196,75,3,0
41,1197,75,3,0
41,1198,75,3,0
41,1199,75,3,0
41,1201,75,3,0
41,1202,75,3,0
41,1203,75,3,0
41,1204,75,3,0
41,1207,75,3,0
41,1208,7,0,2
41,1209,75,3,0
41,1211,75,3,0
41,1219,75,3,0
41,1221,75,3,0
41,1222,7,0,2
41,1223,75,3,0
41,1224,75,3,0
41,1227,7,0,2
41,1228,7,0,2
41,1229,75,3,0
41,1233,75,3,0
41,1234,7,0,2
41,1236,75,3,0
41,1237,75,3,0
41,1238,75,3,0
41,1240,75,3,0
41,1241,75,3,0
41,1242,75,3,0
41,1243,75,3,0
41,1245,75,3,0
41,1247,7,0,2
41,1249,75,3,0
41,1251,75,3,0
41,1252,7,0,2
41,1255,75,3,0
42,1159,41,1,2
42,1161,41,1,2
42,1165,41,1,2
42,1168,41,1,2
42,1174,41,1,2
42,1176,41,1,2
42,1185,41,1,2
42,1188,41,1,2
42,1193,41,1,2
42,1206,41,1,2
42,1210,41,1,2
42,1213,41,1,2
42,1215,41,1,2
42,1216,41,1,2
42,1218,41,1,2
42,1220,41,1,2
42,1226,41,1,2
42,1230,41,1,2
42,1231,41,1,2
42,1232,41,1,2
42,1239,41,1,2
42,1244,41,1,2
42,1246,41,1,2
42,1248,41,1,2
42,1250,41,1,2
42,1253,41,1,2
42,1254,41,1,2
51,1191,85,3,0
51,1233,85,3,0
52,1166,86,3,0
52,1169,86,3,0
52,1238,86,3,0
58,1159,92,3,0
58,1161,24,0,2
58,1165,24,0,2
58,1168,92,3,0
58,1174,92,3,0
58,1176,24,0,2
58,1185,92,3,0
58,1188,92,3,0
58,1193,24,0,2
58,1206,92,3,0
58,1210,92,3,0
58,1212,24,0,2
58,1215,92,3,0
58,1216,24,0,2
58,1218,24,0,2
58,1220,24,0,2
58,1226,24,0,2
58,1230,24,0,2
58,1231,92,3,0
58,1232,24,0,2
58,1239,24,0,2
58,1244,24,0,2
58,1246,92,3,0
58,1248,24,0,2
58,1250,24,0,2
58,1253,92,3,0
58,1254,92,3,0
59,1156,58,1,2
59,1157,58,1,2
59,1158,58,1,2
59,1162,58,1,2
59,1163,58,1,2
59,1164,58,1,2
59,1166,58,1,2
59,1169,58,1,2
59,1170,58,1,2
59,1171,58,1,2
59,1173,58,1,2
59,1175,58,1,2
59,1177,58,1,2
59,1178,58,1,2
59,1179,58,1,2
59,1181,58,1,2
59,1182,58,1,2
59,1187,58,1,2
59,1189,58,1,2
59,1190,58,1,2
59,1191,58,1,2
59,1194,58,1,2
59,1196,58,1,2
59,1197,58,1,2
59,1198,58,1,2
59,1199,58,1,2
59,1201,58,1,2
59,1202,58,1,2
59,1203,58,1,2
59,1204,58,1,2
59,1205,58,1,2
59,1207,58,1,2
59,1208,58,1,2
59,1209,58,1,2
59,1211,58,1,2
59,1219,58,1,2
59,1221,58,1,2
59,1222,58,1,2
59,1223,58,1,2
59,1224,58,1,2
59,1227,58,1,2
59,1228,58,1,2
59,1233,58,1,2
59,1234,58,1,2
59,1235,58,1,2
59,1236,58,1,2
59,1237,58,1,2
59,1238,58,1,2
59,1240,58,1,2
59,1241,58,1,2
59,1242,58,1,2
59,1243,58,1,2
59,1245,58,1,2
59,1247,58,1,2
59,1249,58,1,2
59,1251,58,1,2
59,1252,58,1,2
59,1255,58,1,2
75,1156,109,3,0
75,1158,109,3,0
75,1160,41,0,3
75,1162,109,3,0
75,1163,109,3,0
75,1164,41,0,3
75,1166,109,3,0
75,1167,41,0,3
75,1169,109,3,0
75,1170,41,0,3
75,1171,109,3,0
75,1173,109,3,0
75,1175,109,3,0
75,1177,109,3,0
75,1178,41,0,3
75,1179,109,3,0
75,1181,109,3,0
75,1184,41,0,3
75,1186,41,0,3
75,1187,109,3,0
75,1189,109,3,0
75,1190,41,0,3
75,1191,109,3,0
75,1195,41,0,3
75,1196,109,3,0
75,1197,109,3,0
75,1198,109,3,0
75,1199,109,3,0
75,1200,41,0,3
75,1201,109,3,0
75,1202,109,3,0
75,1203,109,3,0
75,1205,41,0,3
75,1207,109,3,0
75,1208,41,0,3
75,1209,109,3,0
75,1211,109,3,0
75,1214,41,0,3
75,1217,41,0,3
75,1221,109,3,0
75,1222,41,0,3
75,1223,109,3,0
75,1224,109,3,0
75,1227,41,0,3
75,1228,41,0,3
75,1229,109,3,0
75,1233,109,3,0
75,1234,41,0,3
75,1235,41,0,3
75,1237,109,3,0
75,1238,109,3,0
75,1240,109,3,0
75,1241,109,3,0
75,1242,109,3,0
75,1243,109,3,0
75,1245,109,3,0
75,1247,41,0,3
75,1249,109,3,0
75,1251,109,3,0
75,1252,41,0,3
75,1255,109,3,0
76,1161,75,1,2
76,1165,75,1,2
76,1176,75,1,2
76,1193,75,1,2
76,1213,75,1,2
76,1216,75,1,2
76,1218,75,1,2
76,1220,75,1,2
76,1226,75,1,2
76,1230,75,1,2
76,1232,75,1,2
76,1239,75,1,2
76,1244,75,1,2
76,1248,75,1,2
76,1250,75,1,2
82,1174,83,2,1
82,1215,83,2,1
83,1228,84,2,1
83,1246,84,2,1
92,1159,126,3,0
92,1161,58,0,3
92,1165,58,0,3
92,1168,126,3,0
92,1174,126,3,0
92,1176,58,0,3
92,1185,126,3,0
92,1193,58,0,3
92,1206,126,3,0
92,1210,126,3,0
92,1212,58,0,3
92,1213,58,0,3
92,1215,126,3,0
92,1216,58,0,3
92,1218,58,0,3
92,1220,58,0,3
92,1226,58,0,3
92,1230,58,0,3
92,1231,126,3,0
92,1232,58,0,3
92,1239,58,0,3
92,1244,58,0,3
92,1246,126,3,0
92,1248,58,0,3
92,1250,58,0,3
92,1254,126,3,0
93,1160,92,1,2
93,1164,92,1,2
93,1167,92,1,2
93,1170,92,1,2
93,1178,92,1,2
93,1184,92,1,2
93,1186,92,1,2
93,1190,92,1,2
93,1192,92,1,2
93,1195,92,1,2
93,1200,92,1,2
93,1205,92,1,2
93,1208,92,1,2
93,1214,92,1,2
93,1217,92,1,2
93,1222,92,1,2
93,1227,92,1,2
93,1228,92,1,2
93,1234,92,1,2
93,1235,92,1,2
93,1247,92,1,2
93,1252,92,1,2
104,1168,138,3,0
104,1174,138,3,0
109,1156,143,3,0
109,1158,143,3,0
109,1160,75,0,3
109,1162,143,3,0
109,1163,143,3,0
109,1164,75,0,3
109,1167,75,0,3
109,1171,143,3,0
109,1173,143,3,0
109,1175,143,3,0
109,1179,143,3,0
109,1181,143,3,0
109,1184,75,0,3
109,1186,75,0,3
109,1187,143,3,0
109,1189,143,3,0
109,1195,75,0,3
109,1196,143,3,0
109,1197,143,3,0
109,1198,143,3,0
109,1199,143,3,0
109,1200,75,0,3
109,1201,143,3,0
109,1203,143,3,0
109,1205,75,0,3
109,1207,143,3,0
109,1208,75,0,3
109,1209,143,3,0
109,1211,143,3,0
109,1214,75,0,3
109,1217,75,0,3
109,1221,143,3,0
109,1223,143,3,0
109,1224,143,3,0
109,1227,75,0,3
109,1234,75,0,3
109,1235,75,0,3
109,1237,143,3,0
109,1240,143,3,0
109,1241,143,3,0
109,1242,143,3,0
109,1243,143,3,0
109,1247,75,0,3
109,1249,143,3,0
109,1251,143,3,0
109,1255,143,3,0
110,1159,109,1,2
110,1161,109,1,2
110,1165,109,1,2
110,1168,109,1,2
110,1172,109,1,2
110,1174,109,1,2
110,1176,109,1,2
110,1178,109,1,2
110,1188,109,1,2
110,1193,109,1,2
110,1206,109,1,2
110,1210,109,1,2
110,1213,109,1,2
110,1215,109,1,2
110,1216,109,1,2
110,1218,109,1,2
110,1220,109,1,2
110,1226,109,1,2
110,1230,109,1,2
110,1231,109,1,2
110,1232,109,1,2
110,1239,109,1,2
110,1244,109,1,2
110,1246,109,1,2
110,1248,109,1,2
110,1250,109,1,2
110,1253,109,1,2
110,1254,109,1,2
119,1173,153,3,0
120,1175,154,3,0
120,1181,154,3,0
120,1198,154,3,0
120,1201,154,3,0
120,1203,154,3,0
120,1255,154,3,0
126,1159,160,3,0
126,1161,92,0,3
126,1165,92,0,3
126,1168,160,3,0
126,1172,160,3,0
126,1174,160,3,0
126,1176,92,0,3
126,1178,160,3,0
126,1193,92,0,3
126,1206,160,3,0
126,1210,160,3,0
126,1212,92,0,3
126,1213,92,0,3
126,1215,160,3,0
126,1216,92,0,3
126,1218,92,0,3
126,1220,92,0,3
126,1222,160,3,0
126,1225,160,3,0
126,1226,92,0,3
126,1230,92,0,3
126,1231,160,3,0
126,1232,92,0,3
126,1239,92,0,3
126,1244,92,0,3
126,1246,160,3,0
126,1248,92,0,3
126,1250,92,0,3
126,1254,160,3,0
127,1157,126,1,2
127,1160,126,1,2
127,1164,126,1,2
127,1167,126,1,2
127,1171,126,1,2
127,1173,126,1,2
127,1175,126,1,2
127,1181,126,1,2
127,1182,126,1,2
127,1184,126,1,2
127,1186,126,1,2
127,1192,126,1,2
127,1194,126,1,2
127,1195,126,1,2
127,1197,126,1,2
127,1198,126,1,2
127,1200,126,1,2
127,1201,126,1,2
127,1203,126,1,2
127,1204,126,1,2
127,1205,126,1,2
127,1208,126,1,2
127,1214,126,1,2
127,1217,126,1,2
127,1219,126,1,2
127,1228,126,1,2
127,1236,126,1,2
127,1247,126,1,2
127,1252,126,1,2
127,1255,126,1,2
143,1156,177,3,0
143,1157,109,0,3
143,1158,177,3,0
143,1160,109,0,3
143,1162,177,3,0
143,1163,177,3,0
143,1164,109,0,3
143,1166,109,0,3
143,1167,109,0,3
143,1169,109,0,3
143,1171,177,3,0
143,1173,177,3,0
143,1175,177,3,0
143,1179,177,3,0
143,1181,177,3,0
143,1182,109,0,3
143,1184,109,0,3
143,1186,109,0,3
143,1187,177,3,0
143,1189,177,3,0
143,1191,109,0,3
143,1192,109,0,3
143,1194,109,0,3
143,1195,109,0,3
143,1196,177,3,0
143,1197,177,3,0
143,1198,177,3,0
143,1199,177,3,0
143,1200,109,0,3
143,1201,177,3,0
143,1203,177,3,0
143,1204,109,0,3
143,1205,109,0,3
143,1207,177,3,0
143,1208,109,0,3
143,1209,177,3,0
143,1211,177,3,0
143,1214,109,0,3
143,1217,109,0,3
143,1219,109,0,3
143,1221,177,3,0
143,1223,177,3,0
143,1224,177,3,0
143,1227,109,0,3
143,1233,109,0,3
143,1234,109,0,3
143,1235,109,0,3
143,1236,109,0,3
143,1237,177,3,0
143,1238,109,0,3
143,1241,177,3,0
143,1242,177,3,0
143,1243,177,3,0
143,1245,109,0,3
143,1247,109,0,3
143,1249,177,3,0
143,1251,177,3,0
144,1161,143,1,2
144,1165,143,1,2
144,1176,143,1,2
144,1185,143,1,2
144,1188,143,1,2
144,1193,143,1,2
144,1213,143,1,2
144,1216,143,1,2
144,1218,143,1,2
144,1220,143,1,2
144,1226,143,1,2
144,1230,143,1,2
144,1232,143,1,2
144,1239,143,1,2
144,1244,143,1,2
144,1248,143,1,2
144,1250,143,1,2
144,1253,143,1,2
151,1228,152,2,1
160,1159,194,3,0
160,1161,126,0,3
160,1165,126,0,3
160,1168,194,3,0
160,1172,194,3,0
160,1174,194,3,0
160,1176,126,0,3
160,1178,194,3,0
160,1185,126,0,3
160,1188,126,0,3
160,1193,126,0,3
160,1206,194,3,0
160,1210,194,3,0
160,1212,126,0,3
160,1213,126,0,3
160,1215,194,3,0
160,1216,126,0,3
160,1218,126,0,3
160,1220,126,0,3
160,1222,194,3,0
160,1225,194,3,0
160,1226,126,0,3
160,1230,126,0,3
160,1231,194,3,0
160,1232,126,0,3
160,1239,126,0,3
160,1244,126,0,3
160,1246,194,3,0
160,1248,126,0,3
160,1250,126,0,3
160,1253,126,0,3
160,1254,194,3,0
161,1157,160,1,2
161,1160,160,1,2
161,1166,160,1,2
161,1167,160,1,2
161,1169,160,1,2
161,1182,160,1,2
161,1184,160,1,2
161,1186,160,1,2
161,1191,160,1,2
161,1192,160,1,2
161,1194,160,1,2
161,1195,160,1,2
161,1200,160,1,2
161,1202,160,1,2
161,1204,160,1,2
161,1205,160,1,2
161,1208,160,1,2
161,1214,160,1,2
161,1217,160,1,2
161,1219,160,1,2
161,1228,160,1,2
161,1233,160,1,2
161,1236,160,1,2
161,1238,160,1,2
161,1245,160,1,2
161,1247,160,1,2
161,1252,160,1,2
172,1168,206,3,0
172,1174,206,3,0
177,1156,211,3,0
177,1157,143,0,3
177,1158,211,3,0
177,1160,143,0,3
177,1162,211,3,0
177,1163,211,3,0
177,1166,143,0,3
177,1167,143,0,3
177,1169,143,0,3
177,1179,211,3,0
177,1182,143,0,3
177,1184,143,0,3
177,1186,143,0,3
177,1187,211,3,0
177,1189,211,3,0
177,1191,143,0,3
177,1192,143,0,3
177,1194,143,0,3
177,1196,211,3,0
177,1199,211,3,0
177,1200,143,0,3
177,1204,143,0,3
177,1207,211,3,0
177,1209,211,3,0
177,1211,211,3,0
177,1214,143,0,3
177,1217,143,0,3
177,1219,143,0,3
177,1221,211,3,0
177,1223,211,3,0
177,1224,211,3,0
177,1233,143,0,3
177,1236,143,0,3
177,1237,211,3,0
177,1238,143,0,3
177,1241,211,3,0
177,1243,211,3,0
177,1245,143,0,3
177,1249,211,3,0
178,1159,177,1,2
178,1161,177,1,2
178,1165,177,1,2
178,1168,177,1,2
178,1170,177,1,2
178,1172,177,1,2
178,1174,177,1,2
178,1176,177,1,2
178,1178,177,1,2
178,1185,177,1,2
178,1188,177,1,2
178,1190,177,1,2
178,1193,177,1,2
178,1213,177,1,2
178,1215,177,1,2
178,1216,177,1,2
178,1218,177,1,2
178,1220,177,1,2
178,1222,177,1,2
178,1226,177,1,2
178,1228,177,1,2
178,1230,177,1,2
178,1231,177,1,2
178,1232,177,1,2
178,1239,177,1,2
178,1244,177,1,2
178,1246,177,1,2
178,1248,177,1,2
178,1250,177,1,2
178,1252,177,1,2
178,1253,177,1,2
178,1254,177,1,2
194,1159,228,3,0
194,1161,160,0,3
194,1164,228,3,0
194,1165,160,0,3
194,1168,228,3,0
194,1170,228,3,0
194,1172,228,3,0
194,1174,228,3,0
194,1178,228,3,0
194,1190,228,3,0
194,1193,160,0,3
194,1212,160,0,3
194,1213,160,0,3
194,1215,228,3,0
194,1216,160,0,3
194,1218,160,0,3
194,1220,160,0,3
194,1222,228,3,0
194,1226,160,0,3
194,1227,228,3,0
194,1230,160,0,3
194,1231,228,3,0
194,1232,160,0,3
194,1234,228,3,0
194,1235,228,3,0
194,1239,160,0,3
194,1244,160,0,3
194,1246,228,3,0
194,1248,160,0,3
194,1250,160,0,3
194,1252,228,3,0
194,1254,228,3,0
195,1156,194,1,2
195,1157,194,1,2
195,1158,194,1,2
195,1160,194,1,2
195,1162,194,1,2
195,1163,194,1,2
195,1166,194,1,2
195,1167,194,1,2
195,1169,194,1,2
195,1179,194,1,2
195,1182,194,1,2
195,1184,194,1,2
195,1186,194,1,2
195,1187,194,1,2
195,1189,194,1,2
195,1191,194,1,2
195,1192,194,1,2
195,1194,194,1,2
195,1199,194,1,2
195,1200,194,1,2
195,1202,194,1,2
195,1204,194,1,2
195,1207,194,1,2
195,1209,194,1,2
195,1211,194,1,2
195,1214,194,1,2
195,1217,194,1,2
195,1219,194,1,2
195,1221,194,1,2
195,1223,194,1,2
195,1224,194,1,2
195,1233,194,1,2
195,1236,194,1,2
195,1237,194,1,2
195,1238,194,1,2
195,1240,194,1,2
195,1241,194,1,2
195,1243,194,1,2
195,1245,194,1,2
195,1249,194,1,2
195,1255,194,1,2
211,1156,245,3,0
211,1157,177,0,3
211,1158,245,3,0
211,1160,177,0,3
211,1162,245,3,0
211,1163,245,3,0
211,1166,177,0,3
211,1167,177,0,3
211,1169,177,0,3
211,1171,177,0,3
211,1173,177,0,3
211,1175,177,0,3
211,1179,245,3,0
211,1181,177,0,3
211,1182,177,0,3
211,1184,177,0,3
211,1186,177,0,3
211,1187,245,3,0
211,1189,245,3,0
211,1191,177,0,3
211,1192,177,0,3
211,1194,177,0,3
211,1197,177,0,3
211,1198,177,0,3
211,1200,177,0,3
211,1201,177,0,3
211,1202,177,0,3
211,1203,177,0,3
211,1204,177,0,3
211,1209,245,3,0
211,1214,177,0,3
211,1217,177,0,3
211,1219,177,0,3
211,1221,245,3,0
211,1224,245,3,0
211,1233,177,0,3
211,1236,177,0,3
211,1237,245,3,0
211,1238,177,0,3
211,1240,177,0,3
211,1241,245,3,0
211,1245,177,0,3
211,1249,245,3,0
211,1255,177,0,3
212,1161,211,1,2
212,1165,211,1,2
212,1176,211,1,2
212,1185,211,1,2
212,1188,211,1,2
212,1193,211,1,2
212,1213,211,1,2
212,1216,211,1,2
212,1218,211,1,2
212,1220,211,1,2
212,1226,211,1,2
212,1229,211,1,2
212,1230,211,1,2
212,1232,211,1,2
212,1239,211,1,2
212,1244,211,1,2
212,1248,211,1,2
212,1250,211,1,2
212,1253,211,1,2
219,1228,220,2,1
228,1159,262,3,0
228,1161,194,0,3
228,1164,262,3,0
228,1165,194,0,3
228,1168,262,3,0
228,1170,262,3,0
228,1172,262,3,0
228,1174,262,3,0
228,1178,262,3,0
228,1180,194,0,3
228,1183,194,0,3
228,1185,194,0,3
228,1188,194,0,3
228,1190,262,3,0
228,1193,194,0,3
228,1212,194,0,3
228,1213,194,0,3
228,1215,262,3,0
228,1216,194,0,3
228,1218,194,0,3
228,1220,194,0,3
228,1222,262,3,0
228,1226,194,0,3
228,1227,262,3,0
228,1228,262,3,0
228,1230,194,0,3
228,1231,262,3,0
228,1232,194,0,3
228,1234,262,3,0
228,1235,262,3,0
228,1239,194,0,3
228,1244,194,0,3
228,1247,262,3,0
228,1248,194,0,3
228,1250,194,0,3
228,1252,262,3,0
228,1253,194,0,3
229,1157,228,1,2
229,1160,228,1,2
229,1166,228,1,2
229,1167,228,1,2
229,1169,228,1,2
229,1171,228,1,2
229,1173,228,1,2
229,1175,228,1,2
229,1181,228,1,2
229,1182,228,1,2
229,1184,228,1,2
229,1186,228,1,2
229,1191,228,1,2
229,1192,228,1,2
229,1194,228,1,2
229,1197,228,1,2
229,1198,228,1,2
229,1200,228,1,2
229,1201,228,1,2
229,1202,228,1,2
229,1203,228,1,2
229,1204,228,1,2
229,1214,228,1,2
229,1217,228,1,2
229,1219,228,1,2
229,1233,228,1,2
229,1236,228,1,2
229,1238,228,1,2
229,1240,228,1,2
229,1245,228,1,2
229,1255,228,1,2
245,1156,279,3,0
245,1157,211,0,3
245,1163,279,3,0
245,1166,211,0,3
245,1169,211,0,3
245,1171,211,0,3
245,1173,211,0,3
245,1175,211,0,3
245,1179,279,3,0
245,1181,211,0,3
245,1182,211,0,3
245,1184,211,0,3
245,1186,211,0,3
245,1187,279,3,0
245,1189,279,3,0
245,1191,211,0,3
245,1192,211,0,3
245,1194,211,0,3
245,1197,211,0,3
245,1198,211,0,3
245,1201,211,0,3
245,1202,211,0,3
245,1203,211,0,3
245,1204,211,0,3
245,1209,279,3,0
245,1219,211,0,3
245,1224,279,3,0
245,1233,211,0,3
245,1238,211,0,3
245,1240,211,0,3
245,1245,211,0,3
245,1255,211,0,3
246,1161,245,1,2
246,1164,245,1,2
246,1165,245,1,2
246,1172,245,1,2
246,1178,245,1,2
246,1185,245,1,2
246,1188,245,1,2
246,1190,245,1,2
246,1193,245,1,2
246,1195,245,1,2
246,1205,245,1,2
246,1206,245,1,2
246,1208,245,1,2
246,1210,245,1,2
246,1213,245,1,2
246,1216,245,1,2
246,1218,245,1,2
246,1220,245,1,2
246,1222,245,1,2
246,1225,245,1,2
246,1226,245,1,2
246,1227,245,1,2
246,1228,245,1,2
246,1229,245,1,2
246,1230,245,1,2
246,1231,245,1,2
246,1232,245,1,2
246,1234,245,1,2
246,1235,245,1,2
246,1239,245,1,2
246,1244,245,1,2
246,1246,245,1,2
246,1247,245,1,2
246,1250,245,1,2
246,1252,245,1,2
246,1253,245,1,2
246,1254,245,1,2
262,1164,296,3,0
262,1165,228,0,3
262,1170,296,3,0
262,1172,296,3,0
262,1178,296,3,0
262,1180,228,0,3
262,1183,228,0,3
262,1185,228,0,3
262,1188,228,0,3
262,1190,296,3,0
262,1193,228,0,3
262,1195,296,3,0
262,1205,296,3,0
262,1208,296,3,0
262,1212,228,0,3
262,1213,228,0,3
262,1218,228,0,3
262,1220,228,0,3
262,1222,296,3,0
262,1226,228,0,3
262,1227,296,3,0
262,1228,296,3,0
262,1230,228,0,3
262,1231,296,3,0
262,1232,228,0,3
262,1234,296,3,0
262,1235,296,3,0
262,1239,228,0,3
262,1244,228,0,3
262,1247,296,3,0
262,1250,228,0,3
262,1252,296,3,0
262,1253,228,0,3
263,1156,262,1,2
263,1157,262,1,2
263,1163,262,1,2
263,1166,262,1,2
263,1169,262,1,2
263,1171,262,1,2
263,1173,262,1,2
263,1175,262,1,2
263,1176,262,1,2
263,1181,262,1,2
263,1182,262,1,2
263,1186,262,1,2
263,1189,262,1,2
263,1191,262,1,2
263,1192,262,1,2
263,1194,262,1,2
263,1196,262,1,2
263,1197,262,1,2
263,1198,262,1,2
263,1201,262,1,2
263,1202,262,1,2
263,1203,262,1,2
263,1204,262,1,2
263,1209,262,1,2
263,1211,262,1,2
263,1214,262,1,2
263,1219,262,1,2
263,1224,262,1,2
263,1233,262,1,2
263,1238,262,1,2
263,1240,262,1,2
263,1242,262,1,2
263,1245,262,1,2
263,1251,262,1,2
263,1255,262,1,2
279,1156,313,3,0
279,1157,245,0,3
279,1158,245,0,3
279,1166,245,0,3
279,1169,245,0,3
279,1171,245,0,3
279,1173,245,0,3
279,1175,245,0,3
279,1181,245,0,3
279,1182,245,0,3
279,1184,245,0,3
279,1186,245,0,3
279,1191,245,0,3
279,1192,245,0,3
279,1194,245,0,3
279,1196,245,0,3
279,1197,245,0,3
279,1198,245,0,3
279,1199,245,0,3
279,1201,245,0,3
279,1202,245,0,3
279,1203,245,0,3
279,1204,245,0,3
279,1207,245,0,3
279,1211,245,0,3
279,1219,245,0,3
279,1223,245,0,3
279,1224,313,3,0
279,1233,245,0,3
279,1238,245,0,3
279,1240,245,0,3
279,1242,245,0,3
279,1243,245,0,3
279,1245,245,0,3
279,1249,245,0,3
279,1251,245,0,3
279,1255,245,0,3
280,1159,279,1,2
280,1161,279,1,2
280,1165,279,1,2
280,1168,279,1,2
280,1174,279,1,2
280,1177,279,1,2
280,1185,279,1,2
280,1188,279,1,2
280,1193,279,1,2
280,1206,279,1,2
280,1210,279,1,2
280,1213,279,1,2
280,1215,279,1,2
280,1216,279,1,2
280,1218,279,1,2
280,1220,279,1,2
280,1225,279,1,2
280,1226,279,1,2
280,1229,279,1,2
280,1230,279,1,2
280,1232,279,1,2
280,1239,279,1,2
280,1244,279,1,2
280,1246,279,1,2
280,1250,279,1,2
280,1253,279,1,2
280,1254,279,1,2
287,1228,288,2,1
296,1159,262,0,3
296,1164,330,3,0
296,1165,262,0,3
296,1172,330,3,0
296,1174,262,0,3
296,1177,262,0,3
296,1178,330,3,0
296,1180,262,0,3
296,1183,262,0,3
296,1185,262,0,3
296,1188,262,0,3
296,1190,330,3,0
296,1193,262,0,3
296,1195,330,3,0
296,1205,330,3,0
296,1206,262,0,3
296,1208,330,3,0
296,1210,262,0,3
296,1212,262,0,3
296,1213,262,0,3
296,1215,262,0,3
296,1218,262,0,3
296,1220,262,0,3
296,1222,330,3,0
296,1225,262,0,3
296,1226,262,0,3
296,1227,330,3,0
296,1228,330,3,0
296,1230,262,0,3
296,1231,330,3,0
296,1234,330,3,0
296,1235,330,3,0
296,1239,262,0,3
296,1244,262,0,3
296,1246,262,0,3
296,1247,330,3,0
296,1250,262,0,3
296,1252,330,3,0
296,1253,262,0,3
296,1254,262,0,3
297,1157,296,1,2
297,1158,296,1,2
297,1166,296,1,2
297,1169,296,1,2
297,1171,296,1,2
297,1173,296,1,2
297,1175,296,1,2
297,1181,296,1,2
297,1182,296,1,2
297,1186,296,1,2
297,1191,296,1,2
297,1192,296,1,2
297,1196,296,1,2
297,1197,296,1,2
297,1198,296,1,2
297,1199,296,1,2
297,1201,296,1,2
297,1202,296,1,2
297,1203,296,1,2
297,1204,296,1,2
297,1207,296,1,2
297,1211,296,1,2
297,1219,296,1,2
297,1223,296,1,2
297,1233,296,1,2
297,1237,296,1,2
297,1238,296,1,2
297,1240,296,1,2
297,1242,296,1,2
297,1243,296,1,2
297,1245,296,1,2
297,1249,296,1,2
297,1251,296,1,2
297,1255,296,1,2
299,1180,300,2,1
299,1183,300,2,1
313,1158,279,0,3
313,1173,279,0,3
313,1175,279,0,3
313,1176,347,3,0
313,1181,279,0,3
313,1182,279,0,3
313,1191,279,0,3
313,1196,279,0,3
313,1198,279,0,3
313,1199,279,0,3
313,1201,279,0,3
313,1202,279,0,3
313,1203,279,0,3
313,1204,279,0,3
313,1207,279,0,3
313,1211,279,0,3
313,1216,347,3,0
313,1219,279,0,3
313,1223,279,0,3
313,1224,347,3,0
313,1232,347,3,0
313,1233,279,0,3
313,1239,347,3,0
313,1240,279,0,3
313,1242,279,0,3
313,1243,279,0,3
313,1245,279,0,3
313,1248,347,3,0
313,1249,279,0,3
313,1251,279,0,3
313,1255,279,0,3
314,1159,313,1,2
314,1160,313,1,2
314,1164,313,1,2
314,1165,313,1,2
314,1167,313,1,2
314,1168,313,1,2
314,1170,313,1,2
314,1174,313,1,2
314,1177,313,1,2
314,1178,313,1,2
314,1184,313,1,2
314,1185,313,1,2
314,1186,313,1,2
314,1188,313,1,2
314,1190,313,1,2
314,1195,313,1,2
314,1200,313,1,2
314,1205,313,1,2
314,1206,313,1,2
314,1208,313,1,2
314,1210,313,1,2
314,1213,313,1,2
314,1214,313,1,2
314,1215,313,1,2
314,1217,313,1,2
314,1220,313,1,2
314,1222,313,1,2
314,1225,313,1,2
314,1227,313,1,2
314,1228,313,1,2
314,1229,313,1,2
314,1230,313,1,2
314,1236,313,1,2
314,1244,313,1,2
314,1246,313,1,2
314,1247,313,1,2
314,1250,313,1,2
314,1252,313,1,2
314,1253,313,1,2
314,1254,313,1,2
330,1157,364,3,0
330,1159,296,0,3
330,1160,364,3,0
330,1164,364,3,0
330,1165,296,0,3
330,1167,364,3,0
330,1174,296,0,3
330,1177,296,0,3
330,1178,364,3,0
330,1180,296,0,3
330,1183,296,0,3
330,1184,364,3,0
330,1185,296,0,3
330,1186,364,3,0
330,1188,296,0,3
330,1190,364,3,0
330,1192,364,3,0
330,1194,364,3,0
330,1195,364,3,0
330,1200,364,3,0
330,1205,364,3,0
330,1206,296,0,3
330,1208,364,3,0
330,1210,296,0,3
330,1212,296,0,3
330,1213,296,0,3
330,1214,364,3,0
330,1215,296,0,3
330,1217,364,3,0
330,1220,296,0,3
330,1222,364,3,0
330,1225,296,0,3
330,1226,296,0,3
330,1227,364,3,0
330,1228,364,3,0
330,1230,296,0,3
330,1236,364,3,0
330,1244,296,0,3
330,1246,296,0,3
330,1247,364,3,0
330,1250,296,0,3
330,1252,364,3,0
330,1254,296,0,3
331,1158,330,1,2
331,1161,330,1,2
331,1162,330,1,2
331,1171,330,1,2
331,1173,330,1,2
331,1175,330,1,2
331,1176,330,1,2
331,1179,330,1,2
331,1181,330,1,2
331,1182,330,1,2
331,1187,330,1,2
331,1196,330,1,2
331,1197,330,1,2
331,1198,330,1,2
331,1199,330,1,2
331,1201,330,1,2
331,1202,330,1,2
331,1203,330,1,2
331,1204,330,1,2
331,1207,330,1,2
331,1211,330,1,2
331,1216,330,1,2
331,1219,330,1,2
331,1221,330,1,2
331,1223,330,1,2
331,1232,330,1,2
331,1233,330,1,2
331,1237,330,1,2
331,1239,330,1,2
331,1240,330,1,2
331,1241,330,1,2
331,1242,330,1,2
331,1243,330,1,2
331,1245,330,1,2
331,1248,330,1,2
331,1249,330,1,2
331,1251,330,1,2
331,1255,330,1,2
333,1241,367,3,0
347,1156,313,0,3
347,1158,313,0,3
347,1161,381,3,0
347,1162,313,0,3
347,1163,313,0,3
347,1173,313,0,3
347,1175,313,0,3
347,1176,381,3,0
347,1179,313,0,3
347,1181,313,0,3
347,1182,313,0,3
347,1187,313,0,3
347,1189,313,0,3
347,1191,313,0,3
347,1196,313,0,3
347,1198,313,0,3
347,1199,313,0,3
347,1201,313,0,3
347,1202,313,0,3
347,1203,313,0,3
347,1204,313,0,3
347,1207,313,0,3
347,1209,313,0,3
347,1211,313,0,3
347,1216,381,3,0
347,1218,381,3,0
347,1219,313,0,3
347,1221,313,0,3
347,1223,313,0,3
347,1232,381,3,0
347,1233,313,0,3
347,1237,313,0,3
347,1239,381,3,0
347,1240,313,0,3
347,1241,313,0,3
347,1242,313,0,3
347,1243,313,0,3
347,1245,313,0,3
347,1248,381,3,0
347,1249,313,0,3
347,1251,313,0,3
347,1255,313,0,3
348,1159,347,1,2
348,1165,347,1,2
348,1168,347,1,2
348,1170,347,1,2
348,1172,347,1,2
348,1174,347,1,2
348,1177,347,1,2
348,1185,347,1,2
348,1188,347,1,2
348,1206,347,1,2
348,1210,347,1,2
348,1213,347,1,2
348,1215,347,1,2
348,1220,347,1,2
348,1225,347,1,2
348,1229,347,1,2
348,1230,347,1,2
348,1231,347,1,2
348,1235,347,1,2
348,1244,347,1,2
348,1246,347,1,2
348,1250,347,1,2
348,1253,347,1,2
348,1254,347,1,2
355,1228,356,2,1
364,1157,398,3,0
364,1159,330,0,3
364,1160,398,3,0
364,1165,330,0,3
364,1167,398,3,0
364,1168,330,0,3
364,1170,330,0,3
364,1174,330,0,3
364,1177,330,0,3
364,1178,398,3,0
364,1180,330,0,3
364,1183,330,0,3
364,1184,398,3,0
364,1185,330,0,3
364,1186,398,3,0
364,1188,330,0,3
364,1190,398,3,0
364,1192,398,3,0
364,1194,398,3,0
364,1195,398,3,0
364,1200,398,3,0
364,1205,398,3,0
364,1206,330,0,3
364,1208,398,3,0
364,1210,330,0,3
364,1212,330,0,3
364,1213,330,0,3
364,1214,398,3,0
364,1215,330,0,3
364,1217,398,3,0
364,1220,330,0,3
364,1222,398,3,0
364,1225,330,0,3
364,1226,330,0,3
364,1227,398,3,0
364,1228,398,3,0
364,1230,330,0,3
364,1231,330,0,3
364,1235,330,0,3
364,1236,398,3,0
364,1244,330,0,3
364,1246,330,0,3
364,1247,398,3,0
364,1250,330,0,3
364,1252,398,3,0
364,1254,330,0,3
365,1156,364,1,2
365,1158,364,1,2
365,1162,364,1,2
365,1163,364,1,2
365,1171,364,1,2
365,1173,364,1,2
365,1175,364,1,2
365,1179,364,1,2
365,1181,364,1,2
365,1182,364,1,2
365,1187,364,1,2
365,1189,364,1,2
365,1196,364,1,2
365,1197,364,1,2
365,1198,364,1,2
365,1199,364,1,2
365,1201,364,1,2
365,1202,364,1,2
365,1203,364,1,2
365,1204,364,1,2
365,1207,364,1,2
365,1209,364,1,2
365,1211,364,1,2
365,1219,364,1,2
365,1221,364,1,2
365,1223,364,1,2
365,1237,364,1,2
365,1240,364,1,2
365,1241,364,1,2
365,1242,364,1,2
365,1243,364,1,2
365,1245,364,1,2
365,1249,364,1,2
365,1251,364,1,2
365,1255,364,1,2
367,1180,368,2,1
367,1183,368,2,1
367,1209,368,2,1
381,1156,347,0,3
381,1158,347,0,3
381,1161,415,3,0
381,1162,347,0,3
381,1163,347,0,3
381,1173,347,0,3
381,1176,415,3,0
381,1179,347,0,3
381,1187,347,0,3
381,1189,347,0,3
381,1193,415,3,0
381,1196,347,0,3
381,1199,347,0,3
381,1207,347,0,3
381,1213,415,3,0
381,1216,415,3,0
381,1218,415,3,0
381,1221,347,0,3
381,1223,347,0,3
381,1226,415,3,0
381,1232,415,3,0
381,1237,347,0,3
381,1239,415,3,0
381,1240,347,0,3
381,1241,347,0,3
381,1245,347,0,3
381,1248,415,3,0
382,1157,381,1,2
382,1159,381,1,2
382,1160,381,1,2
382,1164,381,1,2
382,1166,381,1,2
382,1167,381,1,2
382,1168,381,1,2
382,1169,381,1,2
382,1170,381,1,2
382,1171,381,1,2
382,1172,381,1,2
382,1174,381,1,2
382,1177,381,1,2
382,1184,381,1,2
382,1186,381,1,2
382,1190,381,1,2
382,1191,381,1,2
382,1192,381,1,2
382,1194,381,1,2
382,1197,381,1,2
382,1200,381,1,2
382,1202,381,1,2
382,1210,381,1,2
382,1214,381,1,2
382,1215,381,1,2
382,1217,381,1,2
382,1225,381,1,2
382,1228,381,1,2
382,1229,381,1,2
382,1231,381,1,2
382,1234,381,1,2
382,1235,381,1,2
382,1236,381,1,2
382,1238,381,1,2
382,1246,381,1,2
382,1252,381,1,2
382,1254,381,1,2
398,1157,432,3,0
398,1159,364,0,3
398,1160,432,3,0
398,1166,432,3,0
398,1167,432,3,0
398,1168,364,0,3
398,1169,432,3,0
398,1170,364,0,3
398,1174,364,0,3
398,1177,364,0,3
398,1180,364,0,3
398,1183,364,0,3
398,1184,432,3,0
398,1186,432,3,0
398,1190,432,3,0
398,1191,432,3,0
398,1192,432,3,0
398,1194,432,3,0
398,1200,432,3,0
398,1204,432,3,0
398,1208,432,3,0
398,1210,364,0,3
398,1214,432,3,0
398,1215,364,0,3
398,1217,432,3,0
398,1225,364,0,3
398,1227,432,3,0
398,1228,432,3,0
398,1231,364,0,3
398,1233,432,3,0
398,1235,364,0,3
398,1236,432,3,0
398,1238,432,3,0
398,1246,364,0,3
398,1252,432,3,0
398,1254,364,0,3
399,1156,398,1,2
399,1158,398,1,2
399,1161,398,1,2
399,1163,398,1,2
399,1165,398,1,2
399,1173,398,1,2
399,1176,398,1,2
399,1185,398,1,2
399,1187,398,1,2
399,1189,398,1,2
399,1193,398,1,2
399,1199,398,1,2
399,1207,398,1,2
399,1209,398,1,2
399,1212,398,1,2
399,1213,398,1,2
399,1216,398,1,2
399,1218,398,1,2
399,1220,398,1,2
399,1221,398,1,2
399,1223,398,1,2
399,1224,398,1,2
399,1230,398,1,2
399,1232,398,1,2
399,1237,398,1,2
399,1239,398,1,2
399,1240,398,1,2
399,1241,433,3,0
399,1245,398,1,2
399,1248,398,1,2
399,1253,398,1,2
415,1156,381,0,3
415,1158,381,0,3
415,1161,449,3,0
415,1162,381,0,3
415,1163,381,0,3
415,1173,381,0,3
415,1176,449,3,0
415,1187,381,0,3
415,1188,449,3,0
415,1189,381,0,3
415,1193,449,3,0
415,1196,381,0,3
415,1199,381,0,3
415,1207,381,0,3
415,1213,449,3,0
415,1216,449,3,0
415,1218,449,3,0
415,1220,449,3,0
415,1221,381,0,3
415,1223,381,0,3
415,1226,449,3,0
415,1230,449,3,0
415,1232,449,3,0
415,1237,381,0,3
415,1239,449,3,0
415,1240,381,0,3
415,1241,381,0,3
415,1245,381,0,3
415,1248,449,3,0
415,1253,449,3,0
416,1159,415,1,2
416,1164,415,1,2
416,1168,415,1,2
416,1170,415,1,2
416,1172,415,1,2
416,1174,415,1,2
416,1177,415,1,2
416,1178,415,1,2
416,1195,415,1,2
416,1205,415,1,2
416,1210,415,1,2
416,1215,415,1,2
416,1225,415,1,2
416,1229,415,1,2
416,1231,415,1,2
416,1234,415,1,2
416,1235,415,1,2
416,1246,415,1,2
416,1254,415,1,2
432,1157,466,3,0
432,1159,398,0,3
432,1160,466,3,0
432,1164,398,0,3
432,1166,466,3,0
432,1167,466,3,0
432,1168,398,0,3
432,1169,466,3,0
432,1170,398,0,3
432,1172,398,0,3
432,1174,398,0,3
432,1177,398,0,3
432,1180,398,0,3
432,1182,466,3,0
432,1183,398,0,3
432,1184,466,3,0
432,1186,466,3,0
432,1190,466,3,0
432,1191,466,3,0
432,1192,466,3,0
432,1194,466,3,0
432,1197,466,3,0
432,1200,466,3,0
432,1204,466,3,0
432,1205,398,0,3
432,1210,398,0,3
432,1214,466,3,0
432,1215,398,0,3
432,1217,466,3,0
432,1225,398,0,3
432,1228,466,3,0
432,1231,398,0,3
432,1233,466,3,0
432,1234,398,0,3
432,1235,398,0,3
432,1236,466,3,0
432,1238,466,3,0
432,1246,398,0,3
432,1252,466,3,0
432,1254,398,0,3
433,1156,432,1,2
433,1158,432,1,2
433,1163,432,1,2
433,1173,432,1,2
433,1187,432,1,2
433,1189,432,1,2
433,1209,432,1,2
433,1221,432,1,2
433,1223,432,1,2
433,1224,432,1,2
433,1240,432,1,2
433,1241,467,3,0
433,1245,432,1,2
435,1180,436,2,1
435,1183,436,2,1
435,1209,436,2,1
438,1164,439,2,1
438,1205,439,2,1
438,1234,439,2,1
444,1240,478,3,0
449,1161,483,3,0
449,1165,483,3,0
449,1168,483,3,0
449,1176,483,3,0
449,1185,483,3,0
449,1188,483,3,0
449,1193,483,3,0
449,1206,483,3,0
449,1213,483,3,0
449,1216,483,3,0
449,1218,483,3,0
449,1220,483,3,0
449,1226,483,3,0
449,1230,483,3,0
449,1232,483,3,0
449,1239,483,3,0
449,1240,415,0,3
449,1244,483,3,0
449,1245,415,0,3
449,1248,483,3,0
449,1250,483,3,0
449,1253,483,3,0
450,1157,449,1,2
450,1158,449,1,2
450,1160,449,1,2
450,1164,449,1,2
450,1166,449,1,2
450,1169,449,1,2
450,1170,449,1,2
450,1171,449,1,2
450,1172,449,1,2
450,1173,449,1,2
450,1175,449,1,2
450,1177,449,1,2
450,1178,449,1,2
450,1179,449,1,2
450,1181,449,1,2
450,1182,449,1,2
450,1184,449,1,2
450,1186,449,1,2
450,1190,449,1,2
450,1191,449,1,2
450,1192,449,1,2
450,1194,449,1,2
450,1195,449,1,2
450,1197,449,1,2
450,1198,449,1,2
450,1199,449,1,2
450,1200,449,1,2
450,1201,449,1,2
450,1202,449,1,2
450,1203,449,1,2
450,1204,449,1,2
450,1205,449,1,2
450,1207,449,1,2
450,1208,449,1,2
450,1209,449,1,2
450,1210,449,1,2
450,1211,449,1,2
450,1214,449,1,2
450,1217,449,1,2
450,1219,449,1,2
450,1222,449,1,2
450,1223,449,1,2
450,1225,449,1,2
450,1227,449,1,2
450,1229,449,1,2
450,1231,449,1,2
450,1233,449,1,2
450,1234,449,1,2
450,1235,449,1,2
450,1237,449,1,2
450,1238,449,1,2
450,1241,449,1,2
450,1242,449,1,2
450,1243,449,1,2
450,1247,449,1,2
450,1249,449,1,2
450,1251,449,1,2
450,1254,449,1,2
450,1255,449,1,2
466,1157,500,3,0
466,1158,500,3,0
466,1160,500,3,0
466,1162,500,3,0
466,1164,432,0,3
466,1166,500,3,0
466,1167,500,3,0
466,1169,500,3,0
466,1170,432,0,3
466,1171,500,3,0
466,1172,432,0,3
466,1173,500,3,0
466,1175,500,3,0
466,1177,432,0,3
466,1179,500,3,0
466,1180,432,0,3
466,1181,500,3,0
466,1182,500,3,0
466,1183,432,0,3
466,1184,500,3,0
466,1186,500,3,0
466,1190,500,3,0
466,1191,500,3,0
466,1192,500,3,0
466,1194,500,3,0
466,1196,500,3,0
466,1197,500,3,0
466,1198,500,3,0
466,1199,500,3,0
466,1200,500,3,0
466,1201,500,3,0
466,1202,500,3,0
466,1203,500,3,0
466,1204,500,3,0
466,1205,432,0,3
466,1207,500,3,0
466,1209,500,3,0
466,1210,432,0,3
466,1211,500,3,0
466,1214,500,3,0
466,1217,500,3,0
466,1219,500,3,0
466,1223,500,3,0
466,1225,432,0,3
466,1228,500,3,0
466,1231,432,0,3
466,1233,500,3,0
466,1234,432,0,3
466,1235,432,0,3
466,1237,500,3,0
466,1238,500,3,0
466,1241,500,3,0
466,1242,500,3,0
466,1243,500,3,0
466,1249,500,3,0
466,1251,500,3,0
466,1254,432,0,3
466,1255,500,3,0
467,1156,466,1,2
467,1161,466,1,2
467,1168,466,1,2
467,1176,466,1,2
467,1185,466,1,2
467,1206,466,1,2
467,1232,466,1,2
467,1239,466,1,2
467,1240,466,1,2
467,1245,466,1,2
467,1248,466,1,2
483,1161,517,3,0
483,1165,517,3,0
483,1168,517,3,0
483,1176,517,3,0
483,1185,517,3,0
483,1188,517,3,0
483,1193,517,3,0
483,1206,517,3,0
483,1213,517,3,0
483,1216,517,3,0
483,1218,517,3,0
483,1220,517,3,0
483,1226,517,3,0
483,1230,517,3,0
483,1232,517,3,0
483,1239,517,3,0
483,1240,449,0,3
483,1244,517,3,0
483,1245,449,0,3
483,1248,517,3,0
483,1250,517,3,0
483,1253,517,3,0
484,1164,483,1,2
484,1170,483,1,2
484,1172,483,1,2
484,1177,483,1,2
484,1178,483,1,2
484,1195,483,1,2
484,1205,483,1,2
484,1208,483,1,2
484,1210,483,1,2
484,1222,483,1,2
484,1225,483,1,2
484,1227,483,1,2
484,1229,483,1,2
484,1231,483,1,2
484,1234,483,1,2
484,1235,483,1,2
484,1236,483,1,2
484,1247,483,1,2
484,1252,483,1,2
484,1254,483,1,2
500,1158,534,3,0
500,1160,534,3,0
500,1162,534,3,0
500,1164,466,0,3
500,1166,534,3,0
500,1169,534,3,0
500,1170,466,0,3
500,1171,534,3,0
500,1172,466,0,3
500,1173,534,3,0
500,1175,534,3,0
500,1177,466,0,3
500,1178,466,0,3
500,1179,534,3,0
500,1180,466,0,3
500,1181,534,3,0
500,1182,534,3,0
500,1183,466,0,3
500,1184,534,3,0
500,1186,534,3,0
500,1191,534,3,0
500,1192,534,3,0
500,1195,466,0,3
500,1196,534,3,0
500,1197,534,3,0
500,1198,534,3,0
500,1199,534,3,0
500,1201,534,3,0
500,1202,534,3,0
500,1203,534,3,0
500,1204,534,3,0
500,1205,466,0,3
500,1207,534,3,0
500,1208,466,0,3
500,1209,534,3,0
500,1210,466,0,3
500,1211,534,3,0
500,1214,534,3,0
500,1217,534,3,0
500,1219,534,3,0
500,1222,466,0,3
500,1223,534,3,0
500,1225,466,0,3
500,1227,466,0,3
500,1231,466,0,3
500,1233,534,3,0
500,1234,466,0,3
500,1235,466,0,3
500,1236,466,0,3
500,1237,534,3,0
500,1238,534,3,0
500,1241,534,3,0
500,1242,534,3,0
500,1243,534,3,0
500,1247,466,0,3
500,1249,534,3,0
500,1251,534,3,0
500,1252,466,0,3
500,1255,534,3,0
501,1240,500,1,2
501,1245,500,1,2
503,1180,504,2,1
503,1183,504,2,1
503,1224,504,2,1
512,1240,546,3,0
517,1159,551,3,0
517,1161,551,3,0
517,1165,551,3,0
517,1168,551,3,0
517,1174,551,3,0
517,1176,551,3,0
517,1185,551,3,0
517,1188,551,3,0
517,1193,551,3,0
517,1206,551,3,0
517,1213,551,3,0
517,1215,551,3,0
517,1216,551,3,0
517,1218,551,3,0
517,1220,551,3,0
517,1226,551,3,0
517,1230,551,3,0
517,1232,551,3,0
517,1239,551,3,0
517,1244,551,3,0
517,1246,551,3,0
517,1248,551,3,0
517,1250,551,3,0
517,1253,551,3,0
517,1254,551,3,0
518,1162,517,1,2
518,1164,517,1,2
518,1166,517,1,2
518,1167,517,1,2
518,1169,517,1,2
518,1170,517,1,2
518,1171,517,1,2
518,1172,517,1,2
518,1177,517,1,2
518,1178,517,1,2
518,1179,517,1,2
518,1184,517,1,2
518,1186,517,1,2
518,1190,517,1,2
518,1194,517,1,2
518,1195,517,1,2
518,1197,517,1,2
518,1205,517,1,2
518,1208,517,1,2
518,1210,517,1,2
518,1211,517,1,2
518,1222,517,1,2
518,1225,517,1,2
518,1227,517,1,2
518,1228,517,1,2
518,1229,517,1,2
518,1231,517,1,2
518,1234,517,1,2
518,1235,517,1,2
518,1236,517,1,2
518,1237,517,1,2
518,1238,517,1,2
518,1241,517,1,2
518,1243,517,1,2
518,1247,517,1,2
518,1249,517,1,2
518,1252,517,1,2
518,1255,517,1,2
534,1156,568,3,0
534,1158,568,3,0
534,1162,568,3,0
534,1163,568,3,0
534,1164,500,0,3
534,1166,568,3,0
534,1169,568,3,0
534,1170,500,0,3
534,1171,568,3,0
534,1172,500,0,3
534,1173,568,3,0
534,1175,568,3,0
534,1177,500,0,3
534,1178,500,0,3
534,1179,568,3,0
534,1180,500,0,3
534,1181,568,3,0
534,1182,568,3,0
534,1183,500,0,3
534,1184,568,3,0
534,1186,568,3,0
534,1187,568,3,0
534,1189,568,3,0
534,1191,568,3,0
534,1195,500,0,3
534,1196,568,3,0
534,1197,568,3,0
534,1198,568,3,0
534,1199,568,3,0
534,1201,568,3,0
534,1202,568,3,0
534,1203,568,3,0
534,1204,568,3,0
534,1205,500,0,3
534,1207,568,3,0
534,1208,500,0,3
534,1209,568,3,0
534,1210,500,0,3
534,1211,568,3,0
534,1219,568,3,0
534,1221,568,3,0
534,1222,500,0,3
534,1223,568,3,0
534,1224,568,3,0
534,1225,500,0,3
534,1227,500,0,3
534,1231,500,0,3
534,1233,568,3,0
534,1234,500,0,3
534,1235,500,0,3
534,1236,500,0,3
534,1237,568,3,0
534,1238,568,3,0
534,1241,568,3,0
534,1242,568,3,0
534,1243,568,3,0
534,1247,500,0,3
534,1249,568,3,0
534,1251,568,3,0
534,1252,500,0,3
534,1255,568,3,0
535,1161,534,1,2
535,1168,534,1,2
535,1176,534,1,2
535,1185,534,1,2
535,1206,534,1,2
535,1232,534,1,2
535,1239,534,1,2
535,1248,534,1,2
551,1159,585,3,0
551,1161,585,3,0
551,1165,585,3,0
551,1168,585,3,0
551,1174,585,3,0
551,1176,585,3,0
551,1185,585,3,0
551,1188,585,3,0
551,1193,585,3,0
551,1206,585,3,0
551,1213,585,3,0
551,1215,585,3,0
551,1216,585,3,0
551,1218,585,3,0
551,1220,585,3,0
551,1226,585,3,0
551,1230,585,3,0
551,1232,585,3,0
551,1239,585,3,0
551,1244,585,3,0
551,1246,585,3,0
551,1248,585,3,0
551,1250,585,3,0
551,1253,585,3,0
551,1254,585,3,0
552,1157,551,1,2
552,1160,551,1,2
552,1164,551,1,2
552,1167,551,1,2
552,1170,551,1,2
552,1172,551,1,2
552,1177,551,1,2
552,1178,551,1,2
552,1190,551,1,2
552,1194,551,1,2
552,1195,551,1,2
552,1200,551,1,2
552,1205,551,1,2
552,1208,551,1,2
552,1210,551,1,2
552,1214,551,1,2
552,1217,551,1,2
552,1222,551,1,2
552,1225,551,1,2
552,1227,551,1,2
552,1228,551,1,2
552,1229,551,1,2
552,1231,551,1,2
552,1234,551,1,2
552,1235,551,1,2
552,1236,551,1,2
552,1247,551,1,2
552,1252,551,1,2
568,1156,602,3,0
568,1157,534,0,3
568,1158,602,3,0
568,1160,534,0,3
568,1162,602,3,0
568,1163,602,3,0
568,1164,534,0,3
568,1167,534,0,3
568,1170,534,0,3
568,1171,602,3,0
568,1172,534,0,3
568,1173,602,3,0
568,1175,602,3,0
568,1177,534,0,3
568,1178,534,0,3
568,1179,602,3,0
568,1180,534,0,3
568,1181,602,3,0
568,1182,602,3,0
568,1183,534,0,3
568,1187,602,3,0
568,1189,602,3,0
568,1190,534,0,3
568,1191,602,3,0
568,1194,534,0,3
568,1195,534,0,3
568,1196,602,3,0
568,1197,602,3,0
568,1198,602,3,0
568,1199,602,3,0
568,1200,534,0,3
568,1201,602,3,0
568,1202,602,3,0
568,1203,602,3,0
568,1204,602,3,0
568,1205,534,0,3
568,1207,602,3,0
568,1208,534,0,3
568,1209,602,3,0
568,1210,534,0,3
568,1214,534,0,3
568,1217,534,0,3
568,1219,602,3,0
568,1221,602,3,0
568,1222,534,0,3
568,1223,602,3,0
568,1225,534,0,3
568,1227,534,0,3
568,1228,534,0,3
568,1231,534,0,3
568,1233,602,3,0
568,1234,534,0,3
568,1235,534,0,3
568,1236,534,0,3
568,1237,602,3,0
568,1241,602,3,0
568,1242,602,3,0
568,1243,602,3,0
568,1245,602,3,0
568,1247,534,0,3
568,1249,602,3,0
568,1251,602,3,0
568,1252,534,0,3
568,1255,602,3,0
571,1180,572,2,1
571,1183,572,2,1
572,1241,606,3,0
574,1157,575,2,1
574,1194,575,2,1
580,1240,614,3,0
585,1159,619,3,0
585,1161,619,3,0
585,1165,619,3,0
585,1168,619,3,0
585,1174,619,3,0
585,1176,619,3,0
585,1185,619,3,0
585,1188,619,3,0
585,1193,619,3,0
585,1213,619,3,0
585,1215,619,3,0
585,1216,619,3,0
585,1218,619,3,0
585,1220,619,3,0
585,1226,619,3,0
585,1230,619,3,0
585,1232,619,3,0
585,1239,619,3,0
585,1244,619,3,0
585,1246,619,3,0
585,1248,619,3,0
585,1250,619,3,0
585,1253,619,3,0
585,1254,619,3,0
586,1156,585,1,2
586,1157,585,1,2
586,1158,585,1,2
586,1160,585,1,2
586,1163,585,1,2
586,1164,585,1,2
586,1166,585,1,2
586,1167,585,1,2
586,1169,585,1,2
586,1170,585,1,2
586,1172,585,1,2
586,1173,585,1,2
586,1175,585,1,2
586,1177,585,1,2
586,1178,585,1,2
586,1181,585,1,2
586,1182,585,1,2
586,1184,585,1,2
586,1186,585,1,2
586,1187,585,1,2
586,1189,585,1,2
586,1190,585,1,2
586,1191,585,1,2
586,1192,585,1,2
586,1194,585,1,2
586,1195,585,1,2
586,1198,585,1,2
586,1200,585,1,2
586,1201,585,1,2
586,1202,585,1,2
586,1203,585,1,2
586,1204,585,1,2
586,1205,585,1,2
586,1207,585,1,2
586,1208,585,1,2
586,1214,585,1,2
586,1217,585,1,2
586,1219,585,1,2
586,1221,585,1,2
586,1222,585,1,2
586,1225,585,1,2
586,1227,585,1,2
586,1228,585,1,2
586,1229,585,1,2
586,1234,585,1,2
586,1235,585,1,2
586,1236,585,1,2
586,1238,585,1,2
586,1240,585,1,2
586,1242,585,1,2
586,1245,585,1,2
586,1247,585,1,2
586,1251,585,1,2
586,1252,585,1,2
595,1161,629,3,0
596,1232,630,3,0
596,1239,630,3,0
602,1156,636,3,0
602,1157,568,0,3
602,1158,636,3,0
602,1160,568,0,3
602,1163,636,3,0
602,1164,568,0,3
602,1167,568,0,3
602,1170,568,0,3
602,1172,568,0,3
602,1173,636,3,0
602,1175,636,3,0
602,1177,568,0,3
602,1178,568,0,3
602,1180,568,0,3
602,1181,636,3,0
602,1182,636,3,0
602,1183,568,0,3
602,1187,636,3,0
602,1189,636,3,0
602,1190,568,0,3
602,1191,636,3,0
602,1194,568,0,3
602,1195,568,0,3
602,1196,636,3,0
602,1198,636,3,0
602,1199,636,3,0
602,1200,568,0,3
602,1201,636,3,0
602,1202,636,3,0
602,1203,636,3,0
602,1204,636,3,0
602,1205,568,0,3
602,1207,636,3,0
602,1208,568,0,3
602,1214,568,0,3
602,1217,568,0,3
602,1219,636,3,0
602,1221,636,3,0
602,1223,636,3,0
602,1225,568,0,3
602,1227,568,0,3
602,1228,568,0,3
602,1234,568,0,3
602,1235,568,0,3
602,1236,568,0,3
602,1240,636,3,0
602,1241,636,3,0
602,1242,636,3,0
602,1245,636,3,0
602,1247,568,0,3
602,1251,636,3,0
602,1252,568,0,3
603,1161,602,1,2
603,1176,602,1,2
603,1185,602,1,2
603,1232,602,1,2
603,1239,602,1,2
603,1241,637,3,0
603,1248,602,1,2
604,1241,638,3,0
605,1241,639,3,0
606,1241,640,3,0
615,1241,1241,4,0
619,1159,653,3,0
619,1161,653,3,0
619,1165,653,3,0
619,1174,653,3,0
619,1188,653,3,0
619,1193,653,3,0
619,1206,585,0,3
619,1213,653,3,0
619,1215,653,3,0
619,1216,653,3,0
619,1218,653,3,0
619,1220,653,3,0
619,1226,653,3,0
619,1230,653,3,0
619,1239,653,3,0
619,1244,653,3,0
619,1246,653,3,0
619,1248,653,3,0
619,1250,653,3,0
619,1253,653,3,0
619,1254,653,3,0
620,1157,619,1,2
620,1160,619,1,2
620,1162,619,1,2
620,1164,619,1,2
620,1166,619,1,2
620,1167,619,1,2
620,1169,619,1,2
620,1170,619,1,2
620,1171,619,1,2
620,1177,619,1,2
620,1178,619,1,2
620,1179,619,1,2
620,1184,619,1,2
620,1186,619,1,2
620,1190,619,1,2
620,1192,619,1,2
620,1194,619,1,2
620,1195,619,1,2
620,1197,619,1,2
620,1200,619,1,2
620,1205,619,1,2
620,1208,619,1,2
620,1209,619,1,2
620,1211,619,1,2
620,1214,619,1,2
620,1217,619,1,2
620,1222,619,1,2
620,1224,619,1,2
620,1227,619,1,2
620,1228,619,1,2
620,1229,619,1,2
620,1233,619,1,2
620,1234,619,1,2
620,1235,619,1,2
620,1236,619,1,2
620,1238,619,1,2
620,1243,619,1,2
620,1247,619,1,2
620,1249,619,1,2
620,1252,619,1,2
620,1255,619,1,2
636,1156,670,3,0
636,1157,602,0,3
636,1160,602,0,3
636,1162,602,0,3
636,1163,670,3,0
636,1164,602,0,3
636,1166,602,0,3
636,1167,602,0,3
636,1169,602,0,3
636,1170,602,0,3
636,1171,602,0,3
636,1172,602,0,3
636,1173,670,3,0
636,1177,602,0,3
636,1178,602,0,3
636,1180,602,0,3
636,1182,670,3,0
636,1183,602,0,3
636,1184,602,0,3
636,1186,602,0,3
636,1189,670,3,0
636,1190,602,0,3
636,1192,602,0,3
636,1194,602,0,3
636,1195,602,0,3
636,1197,602,0,3
636,1200,602,0,3
636,1202,670,3,0
636,1204,670,3,0
636,1205,602,0,3
636,1208,602,0,3
636,1209,602,0,3
636,1211,602,0,3
636,1214,602,0,3
636,1217,602,0,3
636,1219,670,3,0
636,1221,670,3,0
636,1224,602,0,3
636,1225,602,0,3
636,1227,602,0,3
636,1228,602,0,3
636,1233,602,0,3
636,1234,602,0,3
636,1235,602,0,3
636,1236,602,0,3
636,1238,602,0,3
636,1240,670,3,0
636,1242,670,3,0
636,1243,602,0,3
636,1245,670,3,0
636,1247,602,0,3
636,1251,670,3,0
636,1252,602,0,3
636,1255,602,0,3
637,1206,636,1,2
639,1180,640,2,1
639,1183,640,2,1
648,1240,682,3,0
649,1241,615,0,3
653,1159,687,3,0
653,1165,687,3,0
653,1172,687,3,0
653,1174,687,3,0
653,1180,687,3,0
653,1183,687,3,0
653,1188,687,3,0
653,1193,687,3,0
653,1206,619,0,3
653,1210,687,3,0
653,1213,687,3,0
653,1215,687,3,0
653,1216,687,3,0
653,1218,687,3,0
653,1220,687,3,0
653,1225,687,3,0
653,1226,687,3,0
653,1230,687,3,0
653,1231,687,3,0
653,1244,687,3,0
653,1246,687,3,0
653,1250,687,3,0
653,1253,687,3,0
653,1254,687,3,0
654,1157,653,1,2
654,1158,653,1,2
654,1160,653,1,2
654,1162,653,1,2
654,1164,653,1,2
654,1166,653,1,2
654,1167,653,1,2
654,1169,653,1,2
654,1170,653,1,2
654,1171,653,1,2
654,1173,653,1,2
654,1175,653,1,2
654,1177,653,1,2
654,1179,653,1,2
654,1181,653,1,2
654,1182,653,1,2
654,1184,653,1,2
654,1186,653,1,2
654,1187,653,1,2
654,1190,653,1,2
654,1191,653,1,2
654,1192,653,1,2
654,1194,653,1,2
654,1195,653,1,2
654,1196,653,1,2
654,1197,653,1,2
654,1198,653,1,2
654,1199,653,1,2
654,1200,653,1,2
654,1201,653,1,2
654,1203,653,1,2
654,1205,653,1,2
654,1207,653,1,2
654,1208,653,1,2
654,1209,653,1,2
654,1211,653,1,2
654,1214,653,1,2
654,1217,653,1,2
654,1223,653,1,2
654,1224,653,1,2
654,1227,653,1,2
654,1228,653,1,2
654,1229,653,1,2
654,1233,653,1,2
654,1234,653,1,2
654,1235,653,1,2
654,1236,653,1,2
654,1237,653,1,2
654,1238,653,1,2
654,1240,653,1,2
654,1241,653,1,2
654,1243,653,1,2
654,1245,653,1,2
654,1247,653,1,2
654,1249,653,1,2
654,1252,653,1,2
654,1255,653,1,2
664,1213,698,3,0
670,1164,636,0,3
670,1170,636,0,3
670,1173,704,3,0
670,1177,636,0,3
670,1182,704,3,0
670,1205,636,0,3
670,1234,636,0,3
670,1235,636,0,3
670,1240,704,3,0
670,1245,704,3,0
671,1159,670,1,2
671,1165,670,1,2
671,1168,670,1,2
671,1172,670,1,2
671,1174,670,1,2
671,1176,670,1,2
671,1180,670,1,2
671,1183,670,1,2
671,1185,670,1,2
671,1188,670,1,2
671,1193,670,1,2
671,1206,670,1,2
671,1210,670,1,2
671,1212,670,1,2
671,1213,670,1,2
671,1215,670,1,2
671,1216,670,1,2
671,1218,670,1,2
671,1220,670,1,2
671,1222,670,1,2
671,1225,670,1,2
671,1226,670,1,2
671,1230,670,1,2
671,1231,670,1,2
671,1232,670,1,2
671,1244,670,1,2
671,1246,670,1,2
671,1250,670,1,2
671,1253,670,1,2
671,1254,670,1,2
675,1241,641,0,3
683,1241,649,0,3
687,1161,653,0,3
687,1165,721,3,0
687,1168,653,0,3
687,1172,721,3,0
687,1176,653,0,3
687,1180,721,3,0
687,1183,721,3,0
687,1185,653,0,3
687,1193,721,3,0
687,1206,653,0,3
687,1210,721,3,0
687,1213,721,3,0
687,1215,721,3,0
687,1220,721,3,0
687,1225,721,3,0
687,1226,721,3,0
687,1230,721,3,0
687,1231,721,3,0
687,1232,653,0,3
687,1244,721,3,0
687,1246,721,3,0
687,1248,653,0,3
687,1250,721,3,0
687,1254,721,3,0
688,1157,687,1,2
688,1158,687,1,2
688,1160,687,1,2
688,1162,687,1,2
688,1163,687,1,2
688,1164,687,1,2
688,1166,687,1,2
688,1167,687,1,2
688,1169,687,1,2
688,1170,687,1,2
688,1171,687,1,2
688,1175,687,1,2
688,1177,687,1,2
688,1179,687,1,2
688,1181,687,1,2
688,1184,687,1,2
688,1186,687,1,2
688,1187,687,1,2
688,1189,687,1,2
688,1190,687,1,2
688,1191,687,1,2
688,1192,687,1,2
688,1194,687,1,2
688,1195,687,1,2
688,1196,687,1,2
688,1197,687,1,2
688,1198,687,1,2
688,1199,687,1,2
688,1200,687,1,2
688,1201,687,1,2
688,1202,687,1,2
688,1203,687,1,2
688,1204,687,1,2
688,1205,687,1,2
688,1207,687,1,2
688,1208,687,1,2
688,1209,687,1,2
688,1211,687,1,2
688,1214,687,1,2
688,1217,687,1,2
688,1219,687,1,2
688,1221,687,1,2
688,1223,687,1,2
688,1224,687,1,2
688,1227,687,1,2
688,1228,687,1,2
688,1229,687,1,2
688,1233,687,1,2
688,1234,687,1,2
688,1235,687,1,2
688,1236,687,1,2
688,1237,687,1,2
688,1238,687,1,2
688,1241,687,1,2
688,1242,687,1,2
688,1243,687,1,2
688,1247,687,1,2
688,1249,687,1,2
688,1251,687,1,2
688,1252,687,1,2
688,1255,687,1,2
695,1185,696,2,1
704,1157,670,0,3
704,1158,670,0,3
704,1160,670,0,3
704,1162,670,0,3
704,1164,670,0,3
704,1166,670,0,3
704,1167,670,0,3
704,1169,670,0,3
704,1170,670,0,3
704,1171,670,0,3
704,1175,670,0,3
704,1177,670,0,3
704,1179,670,0,3
704,1181,670,0,3
704,1184,670,0,3
704,1186,670,0,3
704,1187,670,0,3
704,1190,670,0,3
704,1191,670,0,3
704,1192,670,0,3
704,1194,670,0,3
704,1195,670,0,3
704,1196,670,0,3
704,1197,670,0,3
704,1198,670,0,3
704,1199,670,0,3
704,1200,670,0,3
704,1201,670,0,3
704,1202,670,0,3
704,1203,670,0,3
704,1204,670,0,3
704,1205,670,0,3
704,1207,670,0,3
704,1208,670,0,3
704,1209,670,0,3
704,1211,670,0,3
704,1214,670,0,3
704,1217,670,0,3
704,1219,670,0,3
704,1221,670,0,3
704,1223,670,0,3
704,1224,670,0,3
704,1227,670,0,3
704,1228,670,0,3
704,1233,670,0,3
704,1234,670,0,3
704,1235,670,0,3
704,1236,670,0,3
704,1237,670,0,3
704,1238,670,0,3
704,1240,738,3,0
704,1241,670,0,3
704,1242,670,0,3
704,1243,670,0,3
704,1245,738,3,0
704,1247,670,0,3
704,1249,670,0,3
704,1251,670,0,3
704,1252,670,0,3
704,1255,670,0,3
705,1161,704,1,2
705,1168,704,1,2
705,1176,704,1,2
705,1185,704,1,2
705,1206,704,1,2
705,1232,704,1,2
705,1239,704,1,2
705,1248,704,1,2
707,1180,708,2,1
707,1183,708,2,1
709,1241,675,0,3
710,1158,711,2,1
710,1196,711,2,1
710,1199,711,2,1
710,1207,711,2,1
710,1221,711,2,1
710,1223,711,2,1
716,1240,750,3,0
717,1241,683,0,3
721,1161,687,0,3
721,1165,755,3,0
721,1168,687,0,3
721,1172,755,3,0
721,1176,687,0,3
721,1178,755,3,0
721,1180,755,3,0
721,1183,755,3,0
721,1185,687,0,3
721,1193,755,3,0
721,1206,687,0,3
721,1210,755,3,0
721,1220,755,3,0
721,1222,755,3,0
721,1225,755,3,0
721,1230,755,3,0
721,1231,755,3,0
721,1232,687,0,3
721,1244,755,3,0
721,1248,687,0,3
721,1250,755,3,0
721,1254,755,3,0
722,1156,721,1,2
722,1157,721,1,2
722,1158,721,1,2
722,1160,721,1,2
722,1162,721,1,2
722,1163,721,1,2
722,1166,721,1,2
722,1167,721,1,2
722,1169,721,1,2
722,1171,721,1,2
722,1173,721,1,2
722,1175,721,1,2
722,1179,721,1,2
722,1181,721,1,2
722,1182,721,1,2
722,1184,721,1,2
722,1186,721,1,2
722,1187,721,1,2
722,1189,721,1,2
722,1191,721,1,2
722,1192,721,1,2
722,1194,721,1,2
722,1195,721,1,2
722,1196,721,1,2
722,1197,721,1,2
722,1198,721,1,2
722,1199,721,1,2
722,1200,721,1,2
722,1201,721,1,2
722,1202,721,1,2
722,1203,721,1,2
722,1204,721,1,2
722,1207,721,1,2
722,1208,721,1,2
722,1209,721,1,2
722,1211,721,1,2
722,1214,721,1,2
722,1217,721,1,2
722,1219,721,1,2
722,1221,721,1,2
722,1223,721,1,2
722,1224,721,1,2
722,1233,721,1,2
722,1236,721,1,2
722,1237,721,1,2
722,1238,721,1,2
722,1241,721,1,2
722,1242,721,1,2
722,1243,721,1,2
722,1249,721,1,2
722,1251,721,1,2
722,1255,721,1,2
738,1157,704,0,3
738,1158,704,0,3
738,1160,704,0,3
738,1162,704,0,3
738,1166,704,0,3
738,1167,704,0,3
738,1169,704,0,3
738,1171,704,0,3
738,1175,704,0,3
738,1179,704,0,3
738,1181,704,0,3
738,1184,704,0,3
738,1186,704,0,3
738,1187,704,0,3
738,1191,704,0,3
738,1192,704,0,3
738,1194,704,0,3
738,1195,704,0,3
738,1196,704,0,3
738,1197,704,0,3
738,1198,704,0,3
738,1199,704,0,3
738,1200,704,0,3
738,1201,704,0,3
738,1202,704,0,3
738,1203,704,0,3
738,1204,704,0,3
738,1205,704,0,3
738,1207,704,0,3
738,1208,704,0,3
738,1209,704,0,3
738,1211,704,0,3
738,1214,704,0,3
738,1217,704,0,3
738,1219,704,0,3
738,1221,704,0,3
738,1223,704,0,3
738,1224,704,0,3
738,1233,704,0,3
738,1236,704,0,3
738,1237,704,0,3
738,1238,704,0,3
738,1240,772,3,0
738,1241,704,0,3
738,1242,704,0,3
738,1243,704,0,3
738,1245,772,3,0
738,1249,704,0,3
738,1251,704,0,3
738,1255,704,0,3
739,1159,738,1,2
739,1161,738,1,2
739,1165,738,1,2
739,1168,738,1,2
739,1170,738,1,2
739,1172,738,1,2
739,1176,738,1,2
739,1178,738,1,2
739,1180,738,1,2
739,1183,738,1,2
739,1185,738,1,2
739,1188,738,1,2
739,1193,738,1,2
739,1206,738,1,2
739,1210,738,1,2
739,1212,738,1,2
739,1216,738,1,2
739,1218,738,1,2
739,1220,738,1,2
739,1222,738,1,2
739,1225,738,1,2
739,1227,738,1,2
739,1230,738,1,2
739,1231,738,1,2
739,1232,738,1,2
739,1235,738,1,2
739,1239,738,1,2
739,1244,738,1,2
739,1248,738,1,2
739,1250,738,1,2
739,1253,738,1,2
739,1254,738,1,2
743,1241,709,0,3
751,1241,717,0,3
755,1159,721,0,3
755,1161,721,0,3
755,1164,789,3,0
755,1165,789,3,0
755,1168,721,0,3
755,1170,789,3,0
755,1172,789,3,0
755,1174,721,0,3
755,1176,721,0,3
755,1178,789,3,0
755,1180,789,3,0
755,1183,789,3,0
755,1185,721,0,3
755,1188,721,0,3
755,1206,721,0,3
755,1210,789,3,0
755,1215,721,0,3
755,1216,721,0,3
755,1218,721,0,3
755,1220,789,3,0
755,1222,789,3,0
755,1225,789,3,0
755,1230,789,3,0
755,1231,789,3,0
755,1232,721,0,3
755,1234,789,3,0
755,1239,721,0,3
755,1244,789,3,0
755,1246,721,0,3
755,1248,721,0,3
755,1250,789,3,0
755,1253,721,0,3
756,1156,755,1,2
756,1157,755,1,2
756,1158,755,1,2
756,1160,755,1,2
756,1162,755,1,2
756,1163,755,1,2
756,1166,755,1,2
756,1167,755,1,2
756,1169,755,1,2
756,1171,755,1,2
756,1173,755,1,2
756,1175,755,1,2
756,1179,755,1,2
756,1181,755,1,2
756,1182,755,1,2
756,1184,755,1,2
756,1186,755,1,2
756,1187,755,1,2
756,1189,755,1,2
756,1191,755,1,2
756,1192,755,1,2
756,1194,755,1,2
756,1195,755,1,2
756,1196,755,1,2
756,1197,755,1,2
756,1198,755,1,2
756,1199,755,1,2
756,1200,755,1,2
756,1201,755,1,2
756,1202,755,1,2
756,1203,755,1,2
756,1204,755,1,2
756,1207,755,1,2
756,1208,755,1,2
756,1209,755,1,2
756,1211,755,1,2
756,1214,755,1,2
756,1217,755,1,2
756,1219,755,1,2
756,1221,755,1,2
756,1223,755,1,2
756,1224,755,1,2
756,1233,755,1,2
756,1236,755,1,2
756,1237,755,1,2
756,1238,755,1,2
756,1241,755,1,2
756,1242,755,1,2
756,1243,755,1,2
756,1249,755,1,2
756,1251,755,1,2
756,1255,755,1,2
762,1159,763,2,1
762,1174,763,2,1
762,1215,763,2,1
763,1185,764,2,1
763,1246,764,2,1
772,1156,738,0,3
772,1157,738,0,3
772,1158,738,0,3
772,1160,738,0,3
772,1162,738,0,3
772,1163,738,0,3
772,1166,738,0,3
772,1167,738,0,3
772,1169,738,0,3
772,1171,738,0,3
772,1173,738,0,3
772,1175,738,0,3
772,1179,738,0,3
772,1181,738,0,3
772,1182,738,0,3
772,1184,738,0,3
772,1186,738,0,3
772,1187,738,0,3
772,1189,738,0,3
772,1191,738,0,3
772,1192,738,0,3
772,1194,738,0,3
772,1195,738,0,3
772,1196,738,0,3
772,1197,738,0,3
772,1198,738,0,3
772,1199,738,0,3
772,1200,738,0,3
772,1201,738,0,3
772,1202,738,0,3
772,1203,738,0,3
772,1204,738,0,3
772,1205,738,0,3
772,1207,738,0,3
772,1208,738,0,3
772,1209,738,0,3
772,1211,738,0,3
772,1214,738,0,3
772,1217,738,0,3
772,1219,738,0,3
772,1221,738,0,3
772,1223,738,0,3
772,1224,738,0,3
772,1233,738,0,3
772,1236,738,0,3
772,1237,738,0,3
772,1238,738,0,3
772,1240,806,3,0
772,1241,738,0,3
772,1242,738,0,3
772,1243,738,0,3
772,1245,806,3,0
772,1249,738,0,3
772,1251,738,0,3
772,1255,738,0,3
773,1159,772,1,2
773,1161,772,1,2
773,1168,772,1,2
773,1174,772,1,2
773,1176,772,1,2
773,1185,772,1,2
773,1188,772,1,2
773,1206,772,1,2
773,1213,772,1,2
773,1215,772,1,2
773,1216,772,1,2
773,1218,772,1,2
773,1232,772,1,2
773,1239,772,1,2
773,1246,772,1,2
773,1248,772,1,2
773,1253,772,1,2
777,1241,743,0,3
784,1240,818,3,0
785,1241,751,0,3
789,1161,755,0,3
789,1164,823,3,0
789,1168,755,0,3
789,1170,823,3,0
789,1172,823,3,0
789,1177,823,3,0
789,1178,823,3,0
789,1180,823,3,0
789,1183,823,3,0
789,1185,755,0,3
789,1190,823,3,0
789,1205,823,3,0
789,1206,755,0,3
789,1208,823,3,0
789,1210,823,3,0
789,1222,823,3,0
789,1225,823,3,0
789,1227,823,3,0
789,1228,823,3,0
789,1229,823,3,0
789,1231,823,3,0
789,1232,755,0,3
789,1234,823,3,0
789,1235,823,3,0
789,1244,823,3,0
789,1247,823,3,0
789,1248,755,0,3
789,1250,823,3,0
789,1252,823,3,0
790,1156,789,1,2
790,1157,789,1,2
790,1158,789,1,2
790,1160,789,1,2
790,1162,789,1,2
790,1163,789,1,2
790,1166,789,1,2
790,1167,789,1,2
790,1169,789,1,2
790,1171,789,1,2
790,1173,789,1,2
790,1175,789,1,2
790,1179,789,1,2
790,1181,789,1,2
790,1182,789,1,2
790,1184,789,1,2
790,1186,789,1,2
790,1187,789,1,2
790,1189,789,1,2
790,1191,789,1,2
790,1192,789,1,2
790,1194,789,1,2
790,1196,789,1,2
790,1197,789,1,2
790,1198,789,1,2
790,1199,789,1,2
790,1200,789,1,2
790,1201,789,1,2
790,1202,789,1,2
790,1203,789,1,2
790,1204,789,1,2
790,1207,789,1,2
790,1209,789,1,2
790,1211,789,1,2
790,1214,789,1,2
790,1217,789,1,2
790,1219,789,1,2
790,1221,789,1,2
790,1223,789,1,2
790,1224,789,1,2
790,1233,789,1,2
790,1236,789,1,2
790,1237,789,1,2
790,1238,789,1,2
790,1240,789,1,2
790,1241,789,1,2
790,1242,789,1,2
790,1243,789,1,2
790,1245,789,1,2
790,1249,789,1,2
790,1251,789,1,2
790,1255,789,1,2
806,1156,772,0,3
806,1157,772,0,3
806,1158,772,0,3
806,1162,772,0,3
806,1163,772,0,3
806,1166,772,0,3
806,1167,772,0,3
806,1169,772,0,3
806,1171,772,0,3
806,1173,772,0,3
806,1175,772,0,3
806,1179,772,0,3
806,1181,772,0,3
806,1182,772,0,3
806,1184,772,0,3
806,1186,772,0,3
806,1187,772,0,3
806,1189,772,0,3
806,1191,772,0,3
806,1192,772,0,3
806,1194,772,0,3
806,1196,772,0,3
806,1197,772,0,3
806,1198,772,0,3
806,1199,772,0,3
806,1200,772,0,3
806,1201,772,0,3
806,1202,772,0,3
806,1203,772,0,3
806,1204,772,0,3
806,1207,772,0,3
806,1209,772,0,3
806,1211,772,0,3
806,1217,772,0,3
806,1219,772,0,3
806,1221,772,0,3
806,1223,772,0,3
806,1224,772,0,3
806,1233,772,0,3
806,1236,772,0,3
806,1237,772,0,3
806,1238,772,0,3
806,1240,840,3,0
806,1241,772,0,3
806,1242,772,0,3
806,1243,772,0,3
806,1245,840,3,0
806,1249,772,0,3
806,1251,772,0,3
806,1255,772,0,3
807,1159,806,1,2
807,1161,806,1,2
807,1164,806,1,2
807,1168,806,1,2
807,1170,806,1,2
807,1172,806,1,2
807,1174,806,1,2
807,1177,806,1,2
807,1178,806,1,2
807,1180,806,1,2
807,1183,806,1,2
807,1185,806,1,2
807,1188,806,1,2
807,1190,806,1,2
807,1195,806,1,2
807,1206,806,1,2
807,1208,806,1,2
807,1210,806,1,2
807,1213,806,1,2
807,1215,806,1,2
807,1216,806,1,2
807,1218,806,1,2
807,1222,806,1,2
807,1225,806,1,2
807,1226,806,1,2
807,1227,806,1,2
807,1228,806,1,2
807,1231,806,1,2
807,1232,806,1,2
807,1234,806,1,2
807,1235,806,1,2
807,1239,806,1,2
807,1246,806,1,2
807,1247,806,1,2
807,1248,806,1,2
807,1252,806,1,2
807,1253,806,1,2
811,1241,777,0,3
819,1241,785,0,3
823,1159,789,0,3
823,1161,789,0,3
823,1164,857,3,0
823,1168,789,0,3
823,1170,857,3,0
823,1172,857,3,0
823,1174,789,0,3
823,1177,857,3,0
823,1178,857,3,0
823,1180,857,3,0
823,1183,857,3,0
823,1185,789,0,3
823,1188,789,0,3
823,1190,857,3,0
823,1193,789,0,3
823,1205,857,3,0
823,1206,789,0,3
823,1208,857,3,0
823,1210,857,3,0
823,1213,789,0,3
823,1215,789,0,3
823,1216,789,0,3
823,1218,789,0,3
823,1222,857,3,0
823,1225,857,3,0
823,1226,789,0,3
823,1227,857,3,0
823,1228,857,3,0
823,1229,857,3,0
823,1231,857,3,0
823,1232,789,0,3
823,1234,857,3,0
823,1235,857,3,0
823,1239,789,0,3
823,1246,789,0,3
823,1247,857,3,0
823,1248,789,0,3
823,1252,857,3,0
823,1253,789,0,3
823,1254,789,0,3
824,1156,823,1,2
824,1157,823,1,2
824,1158,823,1,2
824,1160,823,1,2
824,1162,823,1,2
824,1163,823,1,2
824,1166,823,1,2
824,1169,823,1,2
824,1171,823,1,2
824,1173,823,1,2
824,1175,823,1,2
824,1179,823,1,2
824,1181,823,1,2
824,1182,823,1,2
824,1184,823,1,2
824,1186,823,1,2
824,1187,823,1,2
824,1189,823,1,2
824,1191,823,1,2
824,1192,823,1,2
824,1194,823,1,2
824,1196,823,1,2
824,1197,823,1,2
824,1198,823,1,2
824,1199,823,1,2
824,1200,823,1,2
824,1201,823,1,2
824,1202,823,1,2
824,1203,823,1,2
824,1204,823,1,2
824,1207,823,1,2
824,1209,823,1,2
824,1211,823,1,2
824,1214,823,1,2
824,1217,823,1,2
824,1219,823,1,2
824,1221,823,1,2
824,1223,823,1,2
824,1224,823,1,2
824,1233,823,1,2
824,1236,823,1,2
824,1237,823,1,2
824,1238,823,1,2
824,1241,823,1,2
824,1242,823,1,2
824,1243,823,1,2
824,1249,823,1,2
824,1251,823,1,2
824,1255,823,1,2
830,1159,831,2,1
830,1174,831,2,1
830,1215,831,2,1
831,1185,832,2,1
831,1246,832,2,1
840,1156,806,0,3
840,1157,806,0,3
840,1158,806,0,3
840,1162,806,0,3
840,1163,806,0,3
840,1166,806,0,3
840,1169,806,0,3
840,1171,806,0,3
840,1173,806,0,3
840,1175,806,0,3
840,1179,806,0,3
840,1181,806,0,3
840,1182,806,0,3
840,1184,806,0,3
840,1186,806,0,3
840,1187,806,0,3
840,1189,806,0,3
840,1191,806,0,3
840,1192,806,0,3
840,1194,806,0,3
840,1196,806,0,3
840,1197,806,0,3
840,1198,806,0,3
840,1199,806,0,3
840,1200,806,0,3
840,1201,806,0,3
840,1202,806,0,3
840,1203,806,0,3
840,1204,806,0,3
840,1207,806,0,3
840,1209,806,0,3
840,1211,806,0,3
840,1217,806,0,3
840,1219,806,0,3
840,1221,806,0,3
840,1223,806,0,3
840,1224,806,0,3
840,1233,806,0,3
840,1236,806,0,3
840,1237,806,0,3
840,1238,806,0,3
840,1240,874,3,0
840,1241,806,0,3
840,1242,806,0,3
840,1243,806,0,3
840,1245,874,3,0
840,1249,806,0,3
840,1251,806,0,3
840,1255,806,0,3
841,1159,840,1,2
841,1161,840,1,2
841,1168,840,1,2
841,1174,840,1,2
841,1185,840,1,2
841,1188,840,1,2
841,1193,840,1,2
841,1206,840,1,2
841,1213,840,1,2
841,1215,840,1,2
841,1216,840,1,2
841,1218,840,1,2
841,1226,840,1,2
841,1230,840,1,2
841,1232,840,1,2
841,1239,840,1,2
841,1246,840,1,2
841,1248,840,1,2
841,1253,840,1,2
841,1254,840,1,2
843,1193,844,2,1
845,1241,811,0,3
852,1240,886,3,0
853,1241,819,0,3
857,1159,823,0,3
857,1164,891,3,0
857,1167,891,3,0
857,1168,823,0,3
857,1170,891,3,0
857,1172,891,3,0
857,1174,823,0,3
857,1177,891,3,0
857,1178,891,3,0
857,1180,891,3,0
857,1183,891,3,0
857,1185,823,0,3
857,1188,823,0,3
857,1190,891,3,0
857,1195,891,3,0
857,1205,891,3,0
857,1206,823,0,3
857,1208,891,3,0
857,1210,891,3,0
857,1213,823,0,3
857,1215,823,0,3
857,1218,823,0,3
857,1222,891,3,0
857,1225,891,3,0
857,1226,823,0,3
857,1227,891,3,0
857,1228,891,3,0
857,1229,891,3,0
857,1231,891,3,0
857,1234,891,3,0
857,1235,891,3,0
857,1236,891,3,0
857,1246,823,0,3
857,1247,891,3,0
857,1252,891,3,0
857,1253,823,0,3
857,1254,823,0,3
858,1156,857,1,2
858,1158,857,1,2
858,1162,857,1,2
858,1163,857,1,2
858,1166,857,1,2
858,1171,857,1,2
858,1173,857,1,2
858,1175,857,1,2
858,1176,857,1,2
858,1179,857,1,2
858,1181,857,1,2
858,1182,857,1,2
858,1187,857,1,2
858,1189,857,1,2
858,1191,857,1,2
858,1196,857,1,2
858,1197,857,1,2
858,1198,857,1,2
858,1199,857,1,2
858,1201,857,1,2
858,1202,857,1,2
858,1203,857,1,2
858,1204,857,1,2
858,1207,857,1,2
858,1209,857,1,2
858,1211,857,1,2
858,1219,857,1,2
858,1221,857,1,2
858,1223,857,1,2
858,1224,857,1,2
858,1233,857,1,2
858,1237,857,1,2
858,1238,857,1,2
858,1240,857,1,2
858,1241,857,1,2
858,1242,857,1,2
858,1243,857,1,2
858,1245,857,1,2
858,1248,857,1,2
858,1249,857,1,2
858,1251,857,1,2
858,1255,857,1,2
869,1251,903,3,0
874,1156,840,0,3
874,1158,840,0,3
874,1162,840,0,3
874,1163,840,0,3
874,1166,840,0,3
874,1169,840,0,3
874,1171,840,0,3
874,1173,840,0,3
874,1175,840,0,3
874,1176,908,3,0
874,1179,840,0,3
874,1181,840,0,3
874,1182,840,0,3
874,1187,840,0,3
874,1189,840,0,3
874,1191,840,0,3
874,1196,840,0,3
874,1197,840,0,3
874,1198,840,0,3
874,1199,840,0,3
874,1201,840,0,3
874,1202,840,0,3
874,1203,840,0,3
874,1204,840,0,3
874,1207,840,0,3
874,1209,840,0,3
874,1211,840,0,3
874,1219,840,0,3
874,1221,840,0,3
874,1223,840,0,3
874,1224,840,0,3
874,1237,840,0,3
874,1238,840,0,3
874,1240,908,3,0
874,1241,840,0,3
874,1242,840,0,3
874,1243,840,0,3
874,1245,908,3,0
874,1248,908,3,0
874,1249,840,0,3
874,1251,840,0,3
874,1255,840,0,3
875,1159,874,1,2
875,1165,874,1,2
875,1168,874,1,2
875,1174,874,1,2
875,1185,874,1,2
875,1188,874,1,2
875,1190,874,1,2
875,1193,874,1,2
875,1206,874,1,2
875,1212,874,1,2
875,1213,874,1,2
875,1215,874,1,2
875,1218,874,1,2
875,1220,874,1,2
875,1222,874,1,2
875,1226,874,1,2
875,1230,874,1,2
875,1231,874,1,2
875,1244,874,1,2
875,1246,874,1,2
875,1253,874,1,2
875,1254,874,1,2
879,1241,845,0,3
887,1241,853,0,3
891,1159,857,0,3
891,1160,925,3,0
891,1164,925,3,0
891,1165,857,0,3
891,1167,925,3,0
891,1168,857,0,3
891,1170,925,3,0
891,1172,925,3,0
891,1174,857,0,3
891,1177,925,3,0
891,1178,925,3,0
891,1180,925,3,0
891,1183,925,3,0
891,1185,857,0,3
891,1188,857,0,3
891,1190,925,3,0
891,1194,925,3,0
891,1195,925,3,0
891,1205,925,3,0
891,1206,857,0,3
891,1208,925,3,0
891,1210,925,3,0
891,1213,857,0,3
891,1214,925,3,0
891,1215,857,0,3
891,1218,857,0,3
891,1220,857,0,3
891,1222,925,3,0
891,1225,925,3,0
891,1227,925,3,0
891,1228,925,3,0
891,1229,925,3,0
891,1230,857,0,3
891,1231,925,3,0
891,1234,925,3,0
891,1235,925,3,0
891,1236,925,3,0
891,1246,857,0,3
891,1247,925,3,0
891,1252,925,3,0
891,1253,857,0,3
891,1254,857,0,3
892,1156,891,1,2
892,1158,891,1,2
892,1162,891,1,2
892,1163,891,1,2
892,1166,891,1,2
892,1171,891,1,2
892,1173,891,1,2
892,1175,891,1,2
892,1179,891,1,2
892,1181,891,1,2
892,1182,891,1,2
892,1187,891,1,2
892,1189,891,1,2
892,1191,891,1,2
892,1196,891,1,2
892,1197,891,1,2
892,1198,891,1,2
892,1199,891,1,2
892,1201,891,1,2
892,1202,891,1,2
892,1203,891,1,2
892,1204,891,1,2
892,1207,891,1,2
892,1209,891,1,2
892,1211,891,1,2
892,1219,891,1,2
892,1221,891,1,2
892,1223,891,1,2
892,1224,891,1,2
892,1233,891,1,2
892,1237,891,1,2
892,1238,891,1,2
892,1241,891,1,2
892,1242,891,1,2
892,1243,891,1,2
892,1249,891,1,2
892,1251,891,1,2
892,1255,891,1,2
898,1159,899,2,1
898,1174,899,2,1
898,1215,899,2,1
899,1185,900,2,1
899,1246,900,2,1
908,1156,874,0,3
908,1158,874,0,3
908,1162,874,0,3
908,1163,874,0,3
908,1166,874,0,3
908,1171,874,0,3
908,1173,874,0,3
908,1175,874,0,3
908,1176,942,3,0
908,1179,874,0,3
908,1181,874,0,3
908,1182,874,0,3
908,1187,874,0,3
908,1189,874,0,3
908,1191,874,0,3
908,1196,874,0,3
908,1197,874,0,3
908,1198,874,0,3
908,1199,874,0,3
908,1201,874,0,3
908,1202,874,0,3
908,1203,874,0,3
908,1204,874,0,3
908,1207,874,0,3
908,1209,874,0,3
908,1211,874,0,3
908,1219,874,0,3
908,1221,874,0,3
908,1223,874,0,3
908,1224,874,0,3
908,1237,874,0,3
908,1238,874,0,3
908,1240,942,3,0
908,1241,874,0,3
908,1242,874,0,3
908,1243,874,0,3
908,1245,942,3,0
908,1248,942,3,0
908,1249,874,0,3
908,1251,874,0,3
908,1255,874,0,3
909,1159,908,1,2
909,1165,908,1,2
909,1168,908,1,2
909,1174,908,1,2
909,1185,908,1,2
909,1188,908,1,2
909,1193,908,1,2
909,1206,908,1,2
909,1212,908,1,2
909,1213,908,1,2
909,1215,908,1,2
909,1220,908,1,2
909,1226,908,1,2
909,1230,908,1,2
909,1244,908,1,2
909,1246,908,1,2
909,1250,908,1,2
909,1253,908,1,2
909,1254,908,1,2
911,1193,912,2,1
913,1241,879,0,3
920,1168,954,3,0
920,1174,954,3,0
925,1157,959,3,0
925,1159,891,0,3
925,1160,959,3,0
925,1164,959,3,0
925,1166,959,3,0
925,1167,959,3,0
925,1168,891,0,3
925,1169,959,3,0
925,1170,959,3,0
925,1174,891,0,3
925,1177,959,3,0
925,1178,959,3,0
925,1180,959,3,0
925,1183,959,3,0
925,1184,959,3,0
925,1185,891,0,3
925,1186,959,3,0
925,1192,959,3,0
925,1194,959,3,0
925,1195,959,3,0
925,1200,959,3,0
925,1205,959,3,0
925,1206,891,0,3
925,1208,959,3,0
925,1210,959,3,0
925,1214,959,3,0
925,1215,891,0,3
925,1217,959,3,0
925,1220,891,0,3
925,1225,959,3,0
925,1227,959,3,0
925,1228,959,3,0
925,1229,959,3,0
925,1234,959,3,0
925,1235,959,3,0
925,1236,959,3,0
925,1246,891,0,3
925,1247,959,3,0
925,1252,959,3,0
925,1254,891,0,3
926,1156,925,1,2
926,1158,925,1,2
926,1161,925,1,2
926,1162,925,1,2
926,1163,925,1,2
926,1171,925,1,2
926,1173,925,1,2
926,1175,925,1,2
926,1176,925,1,2
926,1179,925,1,2
926,1181,925,1,2
926,1182,925,1,2
926,1187,925,1,2
926,1189,925,1,2
926,1193,925,1,2
926,1196,925,1,2
926,1198,925,1,2
926,1199,925,1,2
926,1201,925,1,2
926,1203,925,1,2
926,1207,925,1,2
926,1209,925,1,2
926,1216,925,1,2
926,1221,925,1,2
926,1223,925,1,2
926,1224,925,1,2
926,1226,925,1,2
926,1232,925,1,2
926,1237,925,1,2
926,1239,925,1,2
926,1241,925,1,2
926,1242,925,1,2
926,1243,925,1,2
926,1248,925,1,2
926,1249,925,1,2
926,1251,925,1,2
940,1241,941,2,1
942,1156,908,0,3
942,1158,908,0,3
942,1161,976,3,0
942,1162,908,0,3
942,1163,908,0,3
942,1175,908,0,3
942,1176,976,3,0
942,1179,908,0,3
942,1181,908,0,3
942,1182,908,0,3
942,1187,908,0,3
942,1189,908,0,3
942,1193,976,3,0
942,1196,908,0,3
942,1198,908,0,3
942,1199,908,0,3
942,1201,908,0,3
942,1202,908,0,3
942,1203,908,0,3
942,1207,908,0,3
942,1209,908,0,3
942,1211,908,0,3
942,1216,976,3,0
942,1218,976,3,0
942,1221,908,0,3
942,1223,908,0,3
942,1224,908,0,3
942,1232,976,3,0
942,1237,908,0,3
942,1239,976,3,0
942,1241,908,0,3
942,1242,908,0,3
942,1243,908,0,3
942,1248,976,3,0
942,1249,908,0,3
942,1251,908,0,3
943,1157,942,1,2
943,1159,942,1,2
943,1160,942,1,2
943,1164,942,1,2
943,1166,942,1,2
943,1167,942,1,2
943,1168,942,1,2
943,1169,942,1,2
943,1170,942,1,2
943,1174,942,1,2
943,1177,942,1,2
943,1180,942,1,2
943,1183,942,1,2
943,1184,942,1,2
943,1186,942,1,2
943,1188,942,1,2
943,1192,942,1,2
943,1194,942,1,2
943,1195,942,1,2
943,1200,942,1,2
943,1205,942,1,2
943,1206,942,1,2
943,1208,942,1,2
943,1210,942,1,2
943,1214,942,1,2
943,1215,942,1,2
943,1217,942,1,2
943,1225,942,1,2
943,1227,942,1,2
943,1228,942,1,2
943,1233,942,1,2
943,1234,942,1,2
943,1235,942,1,2
943,1236,942,1,2
943,1244,942,1,2
943,1246,942,1,2
943,1247,942,1,2
943,1250,942,1,2
943,1252,942,1,2
943,1254,942,1,2
947,1241,913,0,3
959,1157,993,3,0
959,1159,925,0,3
959,1160,993,3,0
959,1164,993,3,0
959,1166,993,3,0
959,1167,993,3,0
959,1168,925,0,3
959,1169,993,3,0
959,1170,993,3,0
959,1172,925,0,3
959,1174,925,0,3
959,1177,993,3,0
959,1180,993,3,0
959,1183,993,3,0
959,1184,993,3,0
959,1185,925,0,3
959,1186,993,3,0
959,1190,925,0,3
959,1192,993,3,0
959,1194,993,3,0
959,1195,993,3,0
959,1200,993,3,0
959,1205,993,3,0
959,1206,925,0,3
959,1208,993,3,0
959,1210,993,3,0
959,1214,993,3,0
959,1215,925,0,3
959,1217,993,3,0
959,1220,925,0,3
959,1222,925,0,3
959,1225,993,3,0
959,1227,993,3,0
959,1228,993,3,0
959,1229,993,3,0
959,1231,925,0,3
959,1233,993,3,0
959,1234,993,3,0
959,1235,993,3,0
959,1236,993,3,0
959,1244,925,0,3
959,1246,925,0,3
959,1247,993,3,0
959,1252,993,3,0
959,1254,925,0,3
960,1156,959,1,2
960,1158,959,1,2
960,1162,959,1,2
960,1163,959,1,2
960,1173,959,1,2
960,1175,959,1,2
960,1179,959,1,2
960,1181,959,1,2
960,1187,959,1,2
960,1189,959,1,2
960,1196,959,1,2
960,1198,959,1,2
960,1199,959,1,2
960,1201,959,1,2
960,1203,959,1,2
960,1207,959,1,2
960,1209,959,1,2
960,1221,959,1,2
960,1223,959,1,2
960,1224,959,1,2
960,1237,959,1,2
960,1240,959,1,2
960,1241,959,1,2
960,1242,959,1,2
960,1243,959,1,2
960,1245,959,1,2
960,1249,959,1,2
960,1251,959,1,2
966,1159,967,2,1
966,1174,967,2,1
966,1215,967,2,1
967,1185,968,2,1
967,1246,968,2,1
976,1156,942,0,3
976,1158,942,0,3
976,1161,1010,3,0
976,1162,942,0,3
976,1163,942,0,3
976,1175,942,0,3
976,1176,1010,3,0
976,1179,942,0,3
976,1181,942,0,3
976,1182,942,0,3
976,1187,942,0,3
976,1189,942,0,3
976,1193,1010,3,0
976,1196,942,0,3
976,1198,942,0,3
976,1199,942,0,3
976,1201,942,0,3
976,1202,942,0,3
976,1203,942,0,3
976,1207,942,0,3
976,1209,942,0,3
976,1211,942,0,3
976,1216,1010,3,0
976,1218,1010,3,0
976,1221,942,0,3
976,1223,942,0,3
976,1224,942,0,3
976,1232,1010,3,0
976,1237,942,0,3
976,1239,1010,3,0
976,1240,942,0,3
976,1241,942,0,3
976,1242,942,0,3
976,1243,942,0,3
976,1248,1010,3,0
976,1249,942,0,3
976,1251,942,0,3
977,1159,976,1,2
977,1168,976,1,2
977,1172,976,1,2
977,1174,976,1,2
977,1190,976,1,2
977,1206,976,1,2
977,1215,976,1,2
977,1222,976,1,2
977,1231,976,1,2
977,1246,976,1,2
977,1254,976,1,2
979,1244,980,2,1
988,1168,1022,3,0
988,1174,1022,3,0
993,1157,1027,3,0
993,1159,959,0,3
993,1160,1027,3,0
993,1164,1027,3,0
993,1166,1027,3,0
993,1167,1027,3,0
993,1169,1027,3,0
993,1170,1027,3,0
993,1171,1027,3,0
993,1172,959,0,3
993,1174,959,0,3
993,1177,1027,3,0
993,1180,1027,3,0
993,1182,1027,3,0
993,1183,1027,3,0
993,1184,1027,3,0
993,1186,1027,3,0
993,1190,959,0,3
993,1191,1027,3,0
993,1192,1027,3,0
993,1194,1027,3,0
993,1195,1027,3,0
993,1197,1027,3,0
993,1200,1027,3,0
993,1202,1027,3,0
993,1204,1027,3,0
993,1205,1027,3,0
993,1208,1027,3,0
993,1210,1027,3,0
993,1211,1027,3,0
993,1214,1027,3,0
993,1215,959,0,3
993,1217,1027,3,0
993,1219,1027,3,0
993,1222,959,0,3
993,1225,1027,3,0
993,1227,1027,3,0
993,1228,1027,3,0
993,1229,1027,3,0
993,1231,959,0,3
993,1233,1027,3,0
993,1234,1027,3,0
993,1235,1027,3,0
993,1236,1027,3,0
993,1238,1027,3,0
993,1244,959,0,3
993,1246,959,0,3
993,1247,1027,3,0
993,1252,1027,3,0
993,1254,959,0,3
993,1255,1027,3,0
994,1156,993,1,2
994,1161,993,1,2
994,1163,993,1,2
994,1165,993,1,2
994,1185,993,1,2
994,1188,993,1,2
994,1189,993,1,2
994,1213,993,1,2
994,1216,993,1,2
994,1218,993,1,2
994,1221,993,1,2
994,1226,993,1,2
994,1230,993,1,2
994,1232,993,1,2
994,1239,993,1,2
994,1240,993,1,2
994,1245,993,1,2
994,1253,993,1,2
1003,1227,1037,3,0
1010,1161,1044,3,0
1010,1163,976,0,3
1010,1165,1044,3,0
1010,1185,1044,3,0
1010,1187,976,0,3
1010,1188,1044,3,0
1010,1189,976,0,3
1010,1193,1044,3,0
1010,1206,1044,3,0
1010,1212,1044,3,0
1010,1213,1044,3,0
1010,1216,1044,3,0
1010,1218,1044,3,0
1010,1220,1044,3,0
1010,1221,976,0,3
1010,1226,1044,3,0
1010,1230,1044,3,0
1010,1232,1044,3,0
1010,1239,1044,3,0
1010,1240,976,0,3
1010,1244,1044,3,0
1010,1248,1044,3,0
1010,1250,1044,3,0
1010,1253,1044,3,0
1011,1157,1010,1,2
1011,1159,1010,1,2
1011,1160,1010,1,2
1011,1162,1010,1,2
1011,1164,1010,1,2
1011,1166,1010,1,2
1011,1167,1010,1,2
1011,1169,1010,1,2
1011,1170,1010,1,2
1011,1171,1010,1,2
1011,1172,1010,1,2
1011,1173,1010,1,2
1011,1174,1010,1,2
1011,1177,1010,1,2
1011,1178,1010,1,2
1011,1179,1010,1,2
1011,1180,1010,1,2
1011,1183,1010,1,2
1011,1184,1010,1,2
1011,1186,1010,1,2
1011,1190,1010,1,2
1011,1191,1010,1,2
1011,1192,1010,1,2
1011,1194,1010,1,2
1011,1195,1010,1,2
1011,1197,1010,1,2
1011,1200,1010,1,2
1011,1202,1010,1,2
1011,1204,1010,1,2
1011,1205,1010,1,2
1011,1208,1010,1,2
1011,1210,1010,1,2
1011,1211,1010,1,2
1011,1214,1010,1,2
1011,1215,1010,1,2
1011,1217,1010,1,2
1011,1219,1010,1,2
1011,1222,1010,1,2
1011,1225,1010,1,2
1011,1227,1010,1,2
1011,1228,1010,1,2
1011,1231,1010,1,2
1011,1233,1010,1,2
1011,1234,1010,1,2
1011,1235,1010,1,2
1011,1236,1010,1,2
1011,1238,1010,1,2
1011,1243,1010,1,2
1011,1246,1010,1,2
1011,1247,1010,1,2
1011,1249,1010,1,2
1011,1252,1010,1,2
1011,1254,1010,1,2
1011,1255,1010,1,2
1027,1157,1061,3,0
1027,1159,993,0,3
1027,1160,1061,3,0
1027,1164,1061,3,0
1027,1166,1061,3,0
1027,1167,1061,3,0
1027,1169,1061,3,0
1027,1170,1061,3,0
1027,1171,1061,3,0
1027,1172,993,0,3
1027,1174,993,0,3
1027,1177,1061,3,0
1027,1178,993,0,3
1027,1180,1061,3,0
1027,1182,1061,3,0
1027,1183,1061,3,0
1027,1184,1061,3,0
1027,1186,1061,3,0
1027,1190,993,0,3
1027,1191,1061,3,0
1027,1192,1061,3,0
1027,1194,1061,3,0
1027,1195,1061,3,0
1027,1196,1061,3,0
1027,1197,1061,3,0
1027,1200,1061,3,0
1027,1202,1061,3,0
1027,1204,1061,3,0
1027,1205,1061,3,0
1027,1208,1061,3,0
1027,1211,1061,3,0
1027,1214,1061,3,0
1027,1215,993,0,3
1027,1217,1061,3,0
1027,1219,1061,3,0
1027,1222,993,0,3
1027,1225,1061,3,0
1027,1227,1061,3,0
1027,1229,1061,3,0
1027,1231,993,0,3
1027,1233,1061,3,0
1027,1234,1061,3,0
1027,1235,1061,3,0
1027,1236,1061,3,0
1027,1238,1061,3,0
1027,1244,993,0,3
1027,1246,993,0,3
1027,1247,1061,3,0
1027,1254,993,0,3
1027,1255,1061,3,0
1028,1156,1027,1,2
1028,1163,1027,1,2
1028,1176,1027,1,2
1028,1189,1027,1,2
1028,1221,1027,1,2
1028,1240,1027,1,2
1028,1245,1027,1,2
1034,1159,1035,2,1
1034,1174,1035,2,1
1034,1215,1035,2,1
1035,1185,1036,2,1
1035,1246,1036,2,1
1044,1161,1078,3,0
1044,1163,1010,0,3
1044,1165,1078,3,0
1044,1185,1078,3,0
1044,1187,1010,0,3
1044,1188,1078,3,0
1044,1189,1010,0,3
1044,1193,1078,3,0
1044,1206,1078,3,0
1044,1212,1078,3,0
1044,1213,1078,3,0
1044,1216,1078,3,0
1044,1218,1078,3,0
1044,1220,1078,3,0
1044,1221,1010,0,3
1044,1226,1078,3,0
1044,1230,1078,3,0
1044,1232,1078,3,0
1044,1239,1078,3,0
1044,1240,1010,0,3
1044,1244,1078,3,0
1044,1245,1010,0,3
1044,1250,1078,3,0
1044,1253,1078,3,0
1045,1159,1044,1,2
1045,1172,1044,1,2
1045,1174,1044,1,2
1045,1178,1044,1,2
1045,1190,1044,1,2
1045,1215,1044,1,2
1045,1222,1044,1,2
1045,1231,1044,1,2
1045,1246,1044,1,2
1045,1254,1044,1,2
1056,1168,1090,3,0
1056,1174,1090,3,0
1061,1157,1095,3,0
1061,1158,1095,3,0
1061,1160,1095,3,0
1061,1162,1095,3,0
1061,1164,1095,3,0
1061,1166,1095,3,0
1061,1167,1095,3,0
1061,1169,1095,3,0
1061,1170,1095,3,0
1061,1171,1095,3,0
1061,1172,1027,0,3
1061,1173,1095,3,0
1061,1175,1095,3,0
1061,1177,1095,3,0
1061,1178,1027,0,3
1061,1179,1095,3,0
1061,1180,1095,3,0
1061,1181,1095,3,0
1061,1182,1095,3,0
1061,1183,1095,3,0
1061,1184,1095,3,0
1061,1186,1095,3,0
1061,1187,1095,3,0
1061,1190,1027,0,3
1061,1191,1095,3,0
1061,1192,1095,3,0
1061,1194,1095,3,0
1061,1195,1095,3,0
1061,1196,1095,3,0
1061,1197,1095,3,0
1061,1198,1095,3,0
1061,1199,1095,3,0
1061,1200,1095,3,0
1061,1201,1095,3,0
1061,1202,1095,3,0
1061,1203,1095,3,0
1061,1204,1095,3,0
1061,1205,1095,3,0
1061,1207,1095,3,0
1061,1208,1095,3,0
1061,1209,1095,3,0
1061,1211,1095,3,0
1061,1214,1095,3,0
1061,1217,1095,3,0
1061,1219,1095,3,0
1061,1221,1095,3,0
1061,1222,1027,0,3
1061,1223,1095,3,0
1061,1224,1095,3,0
1061,1229,1095,3,0
1061,1231,1027,0,3
1061,1233,1095,3,0
1061,1234,1095,3,0
1061,1235,1095,3,0
1061,1236,1095,3,0
1061,1237,1095,3,0
1061,1238,1095,3,0
1061,1241,1095,3,0
1061,1242,1095,3,0
1061,1243,1095,3,0
1061,1247,1095,3,0
1061,1249,1095,3,0
1061,1251,1095,3,0
1061,1255,1095,3,0
1062,1159,1061,1,2
1062,1161,1061,1,2
1062,1165,1061,1,2
1062,1168,1061,1,2
1062,1176,1061,1,2
1062,1185,1061,1,2
1062,1188,1061,1,2
1062,1206,1061,1,2
1062,1213,1061,1,2
1062,1218,1061,1,2
1062,1220,1061,1,2
1062,1226,1061,1,2
1062,1230,1061,1,2
1062,1232,1061,1,2
1062,1240,1061,1,2
1062,1246,1061,1,2
1062,1248,1061,1,2
1062,1253,1061,1,2
1072,1208,1106,3,0
1078,1159,1112,3,0
1078,1161,1112,3,0
1078,1165,1112,3,0
1078,1168,1112,3,0
1078,1185,1112,3,0
1078,1188,1112,3,0
1078,1206,1112,3,0
1078,1213,1112,3,0
1078,1218,1112,3,0
1078,1220,1112,3,0
1078,1226,1112,3,0
1078,1230,1112,3,0
1078,1232,1112,3,0
1078,1239,1112,3,0
1078,1240,1044,0,3
1078,1244,1112,3,0
1078,1246,1112,3,0
1078,1253,1112,3,0
1079,1164,1078,1,2
1079,1170,1078,1,2
1079,1172,1078,1,2
1079,1178,1078,1,2
1079,1180,1078,1,2
1079,1190,1078,1,2
1079,1208,1078,1,2
1079,1210,1078,1,2
1079,1222,1078,1,2
1079,1228,1078,1,2
1079,1231,1078,1,2
1079,1235,1078,1,2
1079,1247,1078,1,2
1079,1252,1078,1,2
1080,1241,1046,0,3
1095,1157,1129,3,0
1095,1158,1129,3,0
1095,1160,1129,3,0
1095,1162,1129,3,0
1095,1166,1129,3,0
1095,1167,1129,3,0
1095,1169,1129,3,0
1095,1170,1129,3,0
1095,1171,1129,3,0
1095,1172,1061,0,3
1095,1173,1129,3,0
1095,1175,1129,3,0
1095,1177,1129,3,0
1095,1178,1061,0,3
1095,1179,1129,3,0
1095,1181,1129,3,0
1095,1182,1129,3,0
1095,1184,1129,3,0
1095,1186,1129,3,0
1095,1187,1129,3,0
1095,1190,1061,0,3
1095,1191,1129,3,0
1095,1192,1129,3,0
1095,1194,1129,3,0
1095,1195,1129,3,0
1095,1196,1129,3,0
1095,1197,1129,3,0
1095,1198,1129,3,0
1095,1199,1129,3,0
1095,1200,1129,3,0
1095,1201,1129,3,0
1095,1202,1129,3,0
1095,1203,1129,3,0
1095,1204,1129,3,0
1095,1205,1129,3,0
1095,1207,1129,3,0
1095,1208,1129,3,0
1095,1209,1129,3,0
1095,1210,1061,0,3
1095,1211,1129,3,0
1095,1214,1129,3,0
1095,1217,1129,3,0
1095,1219,1129,3,0
1095,1221,1129,3,0
1095,1222,1061,0,3
1095,1223,1129,3,0
1095,1224,1129,3,0
1095,1227,1061,0,3
1095,1228,1061,0,3
1095,1229,1129,3,0
1095,1231,1061,0,3
1095,1233,1129,3,0
1095,1235,1129,3,0
1095,1236,1129,3,0
1095,1237,1129,3,0
1095,1238,1129,3,0
1095,1241,1129,3,0
1095,1242,1129,3,0
1095,1243,1129,3,0
1095,1249,1129,3,0
1095,1251,1129,3,0
1095,1252,1061,0,3
1095,1255,1129,3,0
1096,1176,1095,1,2
1096,1193,1095,1,2
1096,1248,1095,1,2
1096,1250,1095,1,2
1102,1159,1103,2,1
1102,1174,1103,2,1
1102,1215,1103,2,1
1103,1185,1104,2,1
1103,1228,1104,2,1
1103,1246,1104,2,1
1112,1159,1146,3,0
1112,1168,1146,3,0
1112,1176,1078,0,3
1112,1185,1146,3,0
1112,1188,1146,3,0
1112,1206,1146,3,0
1112,1213,1146,3,0
1112,1215,1146,3,0
1112,1240,1078,0,3
1112,1246,1146,3,0
1112,1248,1078,0,3
1112,1253,1146,3,0
1113,1172,1112,1,2
1113,1178,1112,1,2
1113,1190,1112,1,2
1113,1210,1112,1,2
1113,1222,1112,1,2
1113,1225,1112,1,2
1113,1227,1112,1,2
1113,1228,1112,1,2
1113,1231,1112,1,2
1113,1252,1112,1,2
1114,1241,1080,0,3
1118,1248,1119,2,1
1124,1168,2,3,3
1124,1174,2,3,3
1129,1156,7,3,3
1129,1157,7,3,3
1129,1158,7,3,3
1129,1160,7,3,3
1129,1162,7,3,3
1129,1163,7,3,3
1129,1166,7,3,3
1129,1167,7,3,3
1129,1169,7,3,3
1129,1171,7,3,3
1129,1172,1095,0,3
1129,1173,7,3,3
1129,1175,7,3,3
1129,1177,7,3,3
1129,1178,1095,0,3
1129,1179,7,3,3
1129,1181,7,3,3
1129,1182,7,3,3
1129,1184,7,3,3
1129,1186,7,3,3
1129,1187,7,3,3
1129,1189,7,3,3
1129,1190,1095,0,3
1129,1191,7,3,3
1129,1192,7,3,3
1129,1194,7,3,3
1129,1195,7,3,3
1129,1196,7,3,3
1129,1197,7,3,3
1129,1198,7,3,3
1129,1199,7,3,3
1129,1200,7,3,3
1129,1201,7,3,3
1129,1202,7,3,3
1129,1203,7,3,3
1129,1204,7,3,3
1129,1205,7,3,3
1129,1207,7,3,3
1129,1209,7,3,3
1129,1210,1095,0,3
1129,1211,7,3,3
1129,1214,7,3,3
1129,1217,7,3,3
1129,1219,7,3,3
1129,1221,7,3,3
1129,1222,1095,0,3
1129,1223,7,3,3
1129,1224,7,3,3
1129,1227,1095,0,3
1129,1228,1095,0,3
1129,1229,7,3,3
1129,1231,1095,0,3
1129,1233,7,3,3
1129,1235,7,3,3
1129,1236,7,3,3
1129,1237,7,3,3
1129,1238,7,3,3
1129,1240,7,3,3
1129,1241,7,3,3
1129,1242,7,3,3
1129,1243,7,3,3
1129,1245,7,3,3
1129,1249,7,3,3
1129,1251,7,3,3
1129,1252,1095,0,3
1129,1255,7,3,3
1130,1159,1129,1,2
1130,1168,1129,1,2
1130,1174,1129,1,2
1130,1176,1129,1,2
1130,1185,1129,1,2
1130,1188,1129,1,2
1130,1193,1129,1,2
1130,1206,1129,1,2
1130,1215,1129,1,2
1130,1216,1129,1,2
1130,1218,1129,1,2
1130,1232,1129,1,2
1130,1239,1129,1,2
1130,1246,1129,1,2
1130,1248,1129,1,2
1130,1250,1129,1,2
1130,1253,1129,1,2
1130,1254,1129,1,2
1139,1160,17,3,3
1139,1184,17,3,3
1139,1186,17,3,3
1139,1214,17,3,3
1140,1167,18,3,3
1140,1200,18,3,3
1140,1217,18,3,3
1146,1159,24,3,3
1146,1168,24,3,3
1146,1174,24,3,3
1146,1185,24,3,3
1146,1188,24,3,3
1146,1206,24,3,3
1146,1213,24,3,3
1146,1215,24,3,3
1146,1246,24,3,3
1146,1253,24,3,3
1146,1254,24,3,3
1147,1156,1146,1,2
1147,1157,1146,1,2
1147,1158,1146,1,2
1147,1160,1146,1,2
1147,1162,1146,1,2
1147,1163,1146,1,2
1147,1164,1146,1,2
1147,1166,1146,1,2
1147,1167,1146,1,2
1147,1169,1146,1,2
1147,1171,1146,1,2
1147,1172,1146,1,2
1147,1173,1146,1,2
1147,1175,1146,1,2
1147,1177,1146,1,2
1147,1178,1146,1,2
1147,1179,1146,1,2
1147,1181,1146,1,2
1147,1182,1146,1,2
1147,1184,1146,1,2
1147,1186,1146,1,2
1147,1187,1146,1,2
1147,1189,1146,1,2
1147,1190,1146,1,2
1147,1191,1146,1,2
1147,1192,1146,1,2
1147,1194,1146,1,2
1147,1195,1146,1,2
1147,1196,1146,1,2
1147,1197,1146,1,2
1147,1198,1146,1,2
1147,1199,1146,1,2
1147,1200,1146,1,2
1147,1201,1146,1,2
1147,1202,1146,1,2
1147,1203,1146,1,2
1147,1204,1146,1,2
1147,1207,1146,1,2
1147,1209,1146,1,2
1147,1210,1146,1,2
1147,1211,1146,1,2
1147,1214,1146,1,2
1147,1217,1146,1,2
1147,1219,1146,1,2
1147,1221,1146,1,2
1147,1222,1146,1,2
1147,1223,1146,1,2
1147,1224,1146,1,2
1147,1225,1146,1,2
1147,1227,1146,1,2
1147,1228,1146,1,2
1147,1231,1146,1,2
1147,1233,1146,1,2
1147,1234,1146,1,2
1147,1236,1146,1,2
1147,1237,1146,1,2
1147,1238,1146,1,2
1147,1240,1146,1,2
1147,1241,1146,1,2
1147,1242,1146,1,2
1147,1243,1146,1,2
1147,1245,1146,1,2
1147,1247,1146,1,2
1147,1249,1146,1,2
1147,1251,1146,1,2
1147,1252,1146,1,2
1147,1255,1146,1,2
1164,1171,343,0,4
1171,1164,547,0,4
1171,1241,615,0,4
1187,1189,649,0,4
1189,1187,649,0,4
1191,1212,613,0,4
1212,1191,959,0,4
1233,1241,613,0,4
1241,1171,615,0,4
1241,1173,615,0,4
1241,1175,615,0,4
1241,1181,615,0,4
1241,1182,615,0,4
1241,1191,615,0,4
1241,1198,615,0,4
1241,1201,615,0,4
1241,1202,615,0,4
1241,1203,615,0,4
1241,1204,615,0,4
1241,1219,615,0,4
1241,1233,615,0,4
1241,1242,615,0,4
1241,1251,615,0,4
1241,1255,615,0,4
1255,1241,614,0,4
