0,1229,1,0,0
1,1229,2,1,0
2,1229,3,1,0
3,1229,4,1,0
4,1229,5,1,0
5,1229,6,1,0
6,1229,7,1,0
7,1229,41,2,0
8,1229,7,0,1
9,1229,8,0,1
10,1229,9,0,1
11,1229,10,0,1
12,1229,11,0,1
13,1229,12,0,1
14,1229,13,0,1
15,1229,14,0,1
16,1229,15,0,1
17,1229,16,0,1
18,1229,17,0,1
19,1229,18,0,1
20,1229,19,0,1
21,1229,20,0,1
22,1229,21,0,1
23,1229,22,0,1
24,1229,25,1,0
25,1229,26,1,0
26,1229,27,1,0
27,1229,28,1,0
28,1229,29,1,0
29,1229,30,1,0
30,1229,31,1,0
31,1229,32,1,0
32,1229,33,1,0
33,1229,0,1,2
34,1229,35,1,1
35,1229,36,2,1
36,1229,37,2,1
37,1229,38,2,1
38,1229,39,2,1
39,1229,40,2,1
40,1229,41,2,1
41,1229,75,3,0
42,1229,41,1,2
43,1229,42,1,2
44,1229,43,1,2
45,1229,44,1,2
46,1229,45,1,2
47,1229,46,1,2
48,1229,47,1,2
49,1229,48,1,2
50,1229,49,1,2
51,1229,50,1,2
52,1229,51,1,2
53,1229,52,1,2
54,1229,53,1,2
55,1229,54,1,2
56,1229,55,1,2
57,1229,56,1,2
58,1229,59,2,1
59,1229,60,2,1
60,1229,61,2,1
61,1229,62,2,1
62,1229,63,2,1
63,1229,64,2,1
64,1229,65,2,1
65,1229,66,2,1
66,1229,67,2,1
67,1229,34,2,3
68,1229,69,1,1
69,1229,70,2,1
70,1229,71,2,1
71,1229,72,2,1
72,1229,73,2,1
73,1229,74,2,1
74,1229,75,2,1
75,1229,109,3,0
76,1229,75,1,2
77,1229,76,1,2
78,1229,77,1,2
79,1229,78,1,2
80,1229,79,1,2
81,1229,80,1,2
82,1229,81,1,2
83,1229,82,1,2
84,1229,83,1,2
85,1229,84,1,2
86,1229,85,1,2
87,1229,86,1,2
88,1229,87,1,2
89,1229,88,1,2
90,1229,89,1,2
91,1229,90,1,2
92,1229,93,2,1
93,1229,94,2,1
94,1229,95,2,1
95,1229,96,2,1
96,1229,97,2,1
97,1229,98,2,1
98,1229,99,2,1
99,1229,100,2,1
100,1229,101,2,1
101,1229,68,2,3
102,1229,103,1,1
103,1229,104,2,1
104,1229,105,2,1
105,1229,106,2,1
106,1229,107,2,1
107,1229,108,2,1
108,1229,109,2,1
109,1229,143,3,0
110,1229,109,1,2
111,1229,110,1,2
112,1229,111,1,2
113,1229,112,1,2
114,1229,113,1,2
115,1229,114,1,2
116,1229,115,1,2
117,1229,116,1,2
118,1229,117,1,2
119,1229,118,1,2
120,1229,119,1,2
121,1229,120,1,2
122,1229,121,1,2
123,1229,122,1,2
124,1229,123,1,2
125,1229,124,1,2
126,1229,127,2,1
127,1229,128,2,1
128,1229,129,2,1
129,1229,130,2,1
130,1229,131,2,1
131,1229,132,2,1
132,1229,133,2,1
133,1229,134,2,1
134,1229,135,2,1
135,1229,102,2,3
136,1229,137,1,1
137,1229,138,2,1
138,1229,139,2,1
139,1229,140,2,1
140,1229,141,2,1
141,1229,142,2,1
142,1229,143,2,1
143,1229,1229,4,0
144,1229,143,1,2
145,1229,144,1,2
146,1229,145,1,2
147,1229,146,1,2
148,1229,147,1,2
149,1229,148,1,2
150,1229,149,1,2
151,1229,150,1,2
152,1229,151,1,2
153,1229,152,1,2
154,1229,153,1,2
155,1229,154,1,2
156,1229,155,1,2
157,1229,156,1,2
158,1229,157,1,2
159,1229,158,1,2
160,1229,161,2,1
161,1229,162,2,1
162,1229,163,2,1
163,1229,164,2,1
164,1229,165,2,1
165,1229,166,2,1
166,1229,167,2,1
167,1229,168,2,1
168,1229,169,2,1
169,1229,136,2,3
170,1229,171,1,1
171,1229,172,2,1
172,1229,173,2,1
173,1229,174,2,1
174,1229,175,2,1
175,1229,176,2,1
176,1229,177,2,1
177,1229,143,0,3
178,1229,177,1,2
179,1229,178,1,2
180,1229,179,1,2
181,1229,180,1,2
182,1229,181,1,2
183,1229,182,1,2
184,1229,183,1,2
185,1229,184,1,2
186,1229,185,1,2
187,1229,186,1,2
188,1229,187,1,2
189,1229,188,1,2
190,1229,189,1,2
191,1229,190,1,2
192,1229,191,1,2
193,1229,192,1,2
194,1229,160,0,3
195,1229,196,2,1
196,1229,197,2,1
197,1229,198,2,1
198,1229,199,2,1
199,1229,200,2,1
200,1229,201,2,1
201,1229,202,2,1
202,1229,203,2,1
203,1229,170,2,3
204,1229,205,1,1
205,1229,206,2,1
206,1229,207,2,1
207,1229,208,2,1
208,1229,209,2,1
209,1229,210,2,1
210,1229,211,2,1
211,1229,177,0,3
212,1229,211,1,2
213,1229,212,1,2
214,1229,213,1,2
215,1229,214,1,2
216,1229,215,1,2
217,1229,216,1,2
218,1229,217,1,2
219,1229,218,1,2
220,1229,219,1,2
221,1229,220,1,2
222,1229,221,1,2
223,1229,222,1,2
224,1229,223,1,2
225,1229,224,1,2
226,1229,225,1,2
227,1229,226,1,2
228,1229,229,2,1
229,1229,230,2,1
230,1229,231,2,1
231,1229,232,2,1
232,1229,233,2,1
233,1229,234,2,1
234,1229,235,2,1
235,1229,236,2,1
236,1229,237,2,1
237,1229,204,2,3
238,1229,239,1,1
239,1229,240,2,1
240,1229,241,2,1
241,1229,242,2,1
242,1229,243,2,1
243,1229,244,2,1
244,1229,245,2,1
245,1229,211,0,3
246,1229,245,1,2
247,1229,246,1,2
248,1229,247,1,2
249,1229,248,1,2
250,1229,249,1,2
251,1229,250,1,2
252,1229,251,1,2
253,1229,252,1,2
254,1229,253,1,2
255,1229,254,1,2
256,1229,255,1,2
257,1229,256,1,2
258,1229,257,1,2
259,1229,258,1,2
260,1229,259,1,2
261,1229,260,1,2
262,1229,228,0,3
263,1229,264,2,1
264,1229,265,2,1
265,1229,266,2,1
266,1229,267,2,1
267,1229,268,2,1
268,1229,269,2,1
269,1229,270,2,1
270,1229,271,2,1
271,1229,238,2,3
272,1229,273,1,1
273,1229,274,2,1
274,1229,275,2,1
275,1229,276,2,1
276,1229,277,2,1
277,1229,278,2,1
278,1229,279,2,1
279,1229,245,0,3
280,1229,279,1,2
281,1229,280,1,2
282,1229,281,1,2
283,1229,282,1,2
284,1229,283,1,2
285,1229,284,1,2
286,1229,285,1,2
287,1229,286,1,2
288,1229,287,1,2
289,1229,288,1,2
290,1229,289,1,2
291,1229,290,1,2
292,1229,291,1,2
293,1229,292,1,2
294,1229,293,1,2
295,1229,294,1,2
296,1229,297,2,1
297,1229,298,2,1
298,1229,299,2,1
299,1229,300,2,1
300,1229,301,2,1
301,1229,302,2,1
302,1229,303,2,1
303,1229,304,2,1
304,1229,305,2,1
305,1229,272,2,3
306,1229,307,1,1
307,1229,308,2,1
308,1229,309,2,1
309,1229,310,2,1
310,1229,311,2,1
311,1229,312,2,1
312,1229,313,2,1
313,1229,279,0,3
314,1229,313,1,2
315,1229,314,1,2
316,1229,315,1,2
317,1229,316,1,2
318,1229,317,1,2
319,1229,318,1,2
320,1229,319,1,2
321,1229,320,1,2
322,1229,321,1,2
323,1229,322,1,2
324,1229,323,1,2
325,1229,324,1,2
326,1229,325,1,2
327,1229,326,1,2
328,1229,327,1,2
329,1229,328,1,2
330,1229,296,0,3
331,1229,332,2,1
332,1229,333,2,1
333,1229,334,2,1
334,1229,335,2,1
335,1229,336,2,1
336,1229,337,2,1
337,1229,338,2,1
338,1229,339,2,1
339,1229,306,2,3
340,1229,341,1,1
341,1229,342,2,1
342,1229,343,2,1
343,1229,344,2,1
344,1229,345,2,1
345,1229,346,2,1
346,1229,347,2,1
347,1229,313,0,3
348,1229,347,1,2
349,1229,348,1,2
350,1229,349,1,2
351,1229,350,1,2
352,1229,351,1,2
353,1229,352,1,2
354,1229,353,1,2
355,1229,354,1,2
356,1229,355,1,2
357,1229,356,1,2
358,1229,357,1,2
359,1229,358,1,2
360,1229,359,1,2
361,1229,360,1,2
362,1229,361,1,2
363,1229,362,1,2
364,1229,365,2,1
365,1229,366,2,1
366,1229,367,2,1
367,1229,368,2,1
368,1229,369,2,1
369,1229,370,2,1
370,1229,371,2,1
371,1229,372,2,1
372,1229,373,2,1
373,1229,340,2,3
374,1229,375,1,1
375,1229,376,2,1
376,1229,377,2,1
377,1229,378,2,1
378,1229,379,2,1
379,1229,380,2,1
380,1229,381,2,1
381,1229,347,0,3
382,1229,381,1,2
383,1229,382,1,2
384,1229,383,1,2
385,1229,384,1,2
386,1229,385,1,2
387,1229,386,1,2
388,1229,387,1,2
389,1229,388,1,2
390,1229,389,1,2
391,1229,390,1,2
392,1229,391,1,2
393,1229,392,1,2
394,1229,393,1,2
395,1229,394,1,2
396,1229,395,1,2
397,1229,396,1,2
398,1229,364,0,3
399,1229,400,2,1
400,1229,401,2,1
401,1229,402,2,1
402,1229,403,2,1
403,1229,404,2,1
404,1229,405,2,1
405,1229,406,2,1
406,1229,407,2,1
407,1229,374,2,3
408,1229,409,1,1
409,1229,410,2,1
410,1229,411,2,1
411,1229,412,2,1
412,1229,413,2,1
413,1229,414,2,1
414,1229,415,2,1
415,1229,381,0,3
416,1229,415,1,2
417,1229,416,1,2
418,1229,417,1,2
419,1229,418,1,2
420,1229,419,1,2
421,1229,420,1,2
422,1229,421,1,2
423,1229,422,1,2
424,1229,423,1,2
425,1229,424,1,2
426,1229,425,1,2
427,1229,426,1,2
428,1229,427,1,2
429,1229,428,1,2
430,1229,429,1,2
431,1229,430,1,2
432,1229,433,2,1
433,1229,434,2,1
434,1229,435,2,1
435,1229,436,2,1
436,1229,437,2,1
437,1229,438,2,1
438,1229,439,2,1
439,1229,440,2,1
440,1229,441,2,1
441,1229,408,2,3
442,1229,443,1,1
443,1229,444,2,1
444,1229,445,2,1
445,1229,446,2,1
446,1229,447,2,1
447,1229,448,2,1
448,1229,449,2,1
449,1229,415,0,3
450,1229,449,1,2
451,1229,450,1,2
452,1229,451,1,2
453,1229,452,1,2
454,1229,453,1,2
455,1229,454,1,2
456,1229,455,1,2
457,1229,456,1,2
458,1229,457,1,2
459,1229,458,1,2
460,1229,459,1,2
461,1229,460,1,2
462,1229,461,1,2
463,1229,462,1,2
464,1229,463,1,2
465,1229,464,1,2
466,1229,432,0,3
467,1229,468,2,1
468,1229,469,2,1
469,1229,470,2,1
470,1229,471,2,1
471,1229,472,2,1
472,1229,473,2,1
473,1229,474,2,1
474,1229,475,2,1
475,1229,442,2,3
476,1229,477,1,1
477,1229,478,2,1
478,1229,479,2,1
479,1229,480,2,1
480,1229,481,2,1
481,1229,482,2,1
482,1229,483,2,1
483,1229,449,0,3
484,1229,483,1,2
485,1229,484,1,2
486,1229,485,1,2
487,1229,486,1,2
488,1229,487,1,2
489,1229,488,1,2
490,1229,489,1,2
491,1229,490,1,2
492,1229,491,1,2
493,1229,492,1,2
494,1229,493,1,2
495,1229,494,1,2
496,1229,495,1,2
497,1229,496,1,2
498,1229,497,1,2
499,1229,498,1,2
500,1229,501,2,1
501,1229,502,2,1
502,1229,503,2,1
503,1229,504,2,1
504,1229,505,2,1
505,1229,506,2,1
506,1229,507,2,1
507,1229,508,2,1
508,1229,509,2,1
509,1229,476,2,3
510,1229,511,1,1
511,1229,512,2,1
512,1229,513,2,1
513,1229,514,2,1
514,1229,515,2,1
515,1229,516,2,1
516,1229,517,2,1
517,1229,483,0,3
518,1229,517,1,2
519,1229,518,1,2
520,1229,519,1,2
521,1229,520,1,2
522,1229,521,1,2
523,1229,522,1,2
524,1229,523,1,2
525,1229,524,1,2
526,1229,525,1,2
527,1229,526,1,2
528,1229,527,1,2
529,1229,528,1,2
530,1229,529,1,2
531,1229,530,1,2
532,1229,531,1,2
533,1229,532,1,2
534,1229,500,0,3
535,1229,536,2,1
536,1229,537,2,1
537,1229,538,2,1
538,1229,539,2,1
539,1229,540,2,1
540,1229,541,2,1
541,1229,542,2,1
542,1229,543,2,1
543,1229,510,2,3
544,1229,545,1,1
545,1229,546,2,1
546,1229,547,2,1
547,1229,548,2,1
548,1229,549,2,1
549,1229,550,2,1
550,1229,551,2,1
551,1229,517,0,3
552,1229,551,1,2
553,1229,552,1,2
554,1229,553,1,2
555,1229,554,1,2
556,1229,555,1,2
557,1229,556,1,2
558,1229,557,1,2
559,1229,558,1,2
560,1229,559,1,2
561,1229,560,1,2
562,1229,561,1,2
563,1229,562,1,2
564,1229,563,1,2
565,1229,564,1,2
566,1229,565,1,2
567,1229,566,1,2
568,1229,569,2,1
569,1229,570,2,1
570,1229,571,2,1
571,1229,572,2,1
572,1229,573,2,1
573,1229,574,2,1
574,1229,575,2,1
575,1229,576,2,1
576,1229,577,2,1
577,1229,544,2,3
578,1229,579,1,1
579,1229,580,2,1
580,1229,581,2,1
581,1229,582,2,1
582,1229,583,2,1
583,1229,584,2,1
584,1229,585,2,1
585,1229,551,0,3
586,1229,585,1,2
587,1229,586,1,2
588,1229,587,1,2
589,1229,588,1,2
590,1229,589,1,2
591,1229,590,1,2
592,1229,591,1,2
593,1229,592,1,2
594,1229,593,1,2
595,1229,594,1,2
596,1229,595,1,2
597,1229,596,1,2
598,1229,597,1,2
599,1229,598,1,2
600,1229,599,1,2
601,1229,600,1,2
602,1229,568,0,3
603,1229,604,2,1
604,1229,605,2,1
605,1229,606,2,1
606,1229,607,2,1
607,1229,608,2,1
608,1229,609,2,1
609,1229,610,2,1
610,1229,611,2,1
611,1229,578,2,3
612,1229,613,1,1
613,1229,614,2,1
614,1229,615,2,1
615,1229,616,2,1
616,1229,617,2,1
617,1229,618,2,1
618,1229,619,2,1
619,1229,585,0,3
620,1229,619,1,2
621,1229,620,1,2
622,1229,621,1,2
623,1229,622,1,2
624,1229,623,1,2
625,1229,624,1,2
626,1229,625,1,2
627,1229,626,1,2
628,1229,627,1,2
629,1229,628,1,2
630,1229,629,1,2
631,1229,630,1,2
632,1229,631,1,2
633,1229,632,1,2
634,1229,633,1,2
635,1229,634,1,2
636,1229,637,2,1
637,1229,638,2,1
638,1229,639,2,1
639,1229,640,2,1
640,1229,641,2,1
641,1229,642,2,1
642,1229,643,2,1
643,1229,644,2,1
644,1229,645,2,1
645,1229,612,2,3
646,1229,647,1,1
647,1229,648,2,1
648,1229,649,2,1
649,1229,650,2,1
650,1229,651,2,1
651,1229,652,2,1
652,1229,653,2,1
653,1229,619,0,3
654,1229,653,1,2
655,1229,654,1,2
656,1229,655,1,2
657,1229,656,1,2
658,1229,657,1,2
659,1229,658,1,2
660,1229,659,1,2
661,1229,660,1,2
662,1229,661,1,2
663,1229,662,1,2
664,1229,663,1,2
665,1229,664,1,2
666,1229,665,1,2
667,1229,666,1,2
668,1229,667,1,2
669,1229,668,1,2
670,1229,636,0,3
671,1229,672,2,1
672,1229,673,2,1
673,1229,674,2,1
674,1229,675,2,1
675,1229,676,2,1
676,1229,677,2,1
677,1229,678,2,1
678,1229,679,2,1
679,1229,646,2,3
680,1229,681,1,1
681,1229,682,2,1
682,1229,683,2,1
683,1229,684,2,1
684,1229,685,2,1
685,1229,686,2,1
686,1229,687,2,1
687,1229,653,0,3
688,1229,687,1,2
689,1229,688,1,2
690,1229,689,1,2
691,1229,690,1,2
692,1229,691,1,2
693,1229,692,1,2
694,1229,693,1,2
695,1229,694,1,2
696,1229,695,1,2
697,1229,696,1,2
698,1229,697,1,2
699,1229,698,1,2
700,1229,699,1,2
701,1229,700,1,2
702,1229,701,1,2
703,1229,702,1,2
704,1229,705,2,1
705,1229,706,2,1
706,1229,707,2,1
707,1229,708,2,1
708,1229,709,2,1
709,1229,710,2,1
710,1229,711,2,1
711,1229,712,2,1
712,1229,713,2,1
713,1229,680,2,3
714,1229,715,1,1
715,1229,716,2,1
716,1229,717,2,1
717,1229,718,2,1
718,1229,719,2,1
719,1229,720,2,1
720,1229,721,2,1
721,1229,755,3,0
722,1229,721,1,2
723,1229,722,1,2
724,1229,723,1,2
725,1229,724,1,2
726,1229,725,1,2
727,1229,726,1,2
728,1229,727,1,2
729,1229,728,1,2
730,1229,729,1,2
731,1229,730,1,2
732,1229,731,1,2
733,1229,732,1,2
734,1229,733,1,2
735,1229,734,1,2
736,1229,735,1,2
737,1229,736,1,2
738,1229,739,2,1
739,1229,740,2,1
740,1229,741,2,1
741,1229,742,2,1
742,1229,743,2,1
743,1229,744,2,1
744,1229,745,2,1
745,1229,746,2,1
746,1229,747,2,1
747,1229,714,2,3
748,1229,749,1,1
749,1229,750,2,1
750,1229,751,2,1
751,1229,752,2,1
752,1229,753,2,1
753,1229,754,2,1
754,1229,755,2,1
755,1229,789,3,0
756,1229,755,1,2
757,1229,756,1,2
758,1229,757,1,2
759,1229,758,1,2
760,1229,759,1,2
761,1229,760,1,2
762,1229,761,1,2
763,1229,762,1,2
764,1229,763,1,2
765,1229,764,1,2
766,1229,765,1,2
767,1229,766,1,2
768,1229,767,1,2
769,1229,768,1,2
770,1229,769,1,2
771,1229,770,1,2
772,1229,773,2,1
773,1229,774,2,1
774,1229,775,2,1
775,1229,776,2,1
776,1229,777,2,1
777,1229,778,2,1
778,1229,779,2,1
779,1229,780,2,1
780,1229,781,2,1
781,1229,748,2,3
782,1229,783,1,1
783,1229,784,2,1
784,1229,785,2,1
785,1229,786,2,1
786,1229,787,2,1
787,1229,788,2,1
788,1229,789,2,1
789,1229,823,3,0
790,1229,789,1,2
791,1229,790,1,2
792,1229,791,1,2
793,1229,792,1,2
794,1229,793,1,2
795,1229,794,1,2
796,1229,795,1,2
797,1229,796,1,2
798,1229,797,1,2
799,1229,798,1,2
800,1229,799,1,2
801,1229,800,1,2
802,1229,801,1,2
803,1229,802,1,2
804,1229,803,1,2
805,1229,804,1,2
806,1229,807,2,1
807,1229,808,2,1
808,1229,809,2,1
809,1229,810,2,1
810,1229,811,2,1
811,1229,812,2,1
812,1229,813,2,1
813,1229,814,2,1
814,1229,815,2,1
815,1229,782,2,3
816,1229,817,1,1
817,1229,818,2,1
818,1229,819,2,1
819,1229,820,2,1
820,1229,821,2,1
821,1229,822,2,1
822,1229,823,2,1
823,1229,857,3,0
824,1229,823,1,2
825,1229,824,1,2
826,1229,825,1,2
827,1229,826,1,2
828,1229,827,1,2
829,1229,828,1,2
830,1229,829,1,2
831,1229,830,1,2
832,1229,831,1,2
833,1229,832,1,2
834,1229,833,1,2
835,1229,834,1,2
836,1229,835,1,2
837,1229,836,1,2
838,1229,837,1,2
839,1229,838,1,2
840,1229,841,2,1
841,1229,842,2,1
842,1229,843,2,1
843,1229,844,2,1
844,1229,845,2,1
845,1229,846,2,1
846,1229,847,2,1
847,1229,848,2,1
848,1229,849,2,1
849,1229,816,2,3
850,1229,851,1,1
851,1229,852,2,1
852,1229,853,2,1
853,1229,854,2,1
854,1229,855,2,1
855,1229,856,2,1
856,1229,857,2,1
857,1229,891,3,0
858,1229,857,1,2
859,1229,858,1,2
860,1229,859,1,2
861,1229,860,1,2
862,1229,861,1,2
863,1229,862,1,2
864,1229,863,1,2
865,1229,864,1,2
866,1229,865,1,2
867,1229,866,1,2
868,1229,867,1,2
869,1229,868,1,2
870,1229,869,1,2
871,1229,870,1,2
872,1229,871,1,2
873,1229,872,1,2
874,1229,875,2,1
875,1229,876,2,1
876,1229,877,2,1
877,1229,878,2,1
878,1229,879,2,1
879,1229,880,2,1
880,1229,881,2,1
881,1229,882,2,1
882,1229,883,2,1
883,1229,850,2,3
884,1229,885,1,1
885,1229,886,2,1
886,1229,887,2,1
887,1229,888,2,1
888,1229,889,2,1
889,1229,890,2,1
890,1229,891,2,1
891,1229,925,3,0
892,1229,891,1,2
893,1229,892,1,2
894,1229,893,1,2
895,1229,894,1,2
896,1229,895,1,2
897,1229,896,1,2
898,1229,897,1,2
899,1229,898,1,2
900,1229,899,1,2
901,1229,900,1,2
902,1229,901,1,2
903,1229,902,1,2
904,1229,903,1,2
905,1229,904,1,2
906,1229,905,1,2
907,1229,906,1,2
908,1229,909,2,1
909,1229,910,2,1
910,1229,911,2,1
911,1229,912,2,1
912,1229,913,2,1
913,1229,914,2,1
914,1229,915,2,1
915,1229,916,2,1
916,1229,917,2,1
917,1229,884,2,3
918,1229,919,1,1
919,1229,920,2,1
920,1229,921,2,1
921,1229,922,2,1
922,1229,923,2,1
923,1229,924,2,1
924,1229,925,2,1
925,1229,959,3,0
926,1229,925,1,2
927,1229,926,1,2
928,1229,927,1,2
929,1229,928,1,2
930,1229,929,1,2
931,1229,930,1,2
932,1229,931,1,2
933,1229,932,1,2
934,1229,933,1,2
935,1229,934,1,2
936,1229,935,1,2
937,1229,936,1,2
938,1229,937,1,2
939,1229,938,1,2
940,1229,939,1,2
941,1229,940,1,2
942,1229,943,2,1
943,1229,944,2,1
944,1229,945,2,1
945,1229,946,2,1
946,1229,947,2,1
947,1229,948,2,1
948,1229,949,2,1
949,1229,950,2,1
950,1229,951,2,1
951,1229,918,2,3
952,1229,953,1,1
953,1229,954,2,1
954,1229,955,2,1
955,1229,956,2,1
956,1229,957,2,1
957,1229,958,2,1
958,1229,959,2,1
959,1229,993,3,0
960,1229,959,1,2
961,1229,960,1,2
962,1229,961,1,2
963,1229,962,1,2
964,1229,963,1,2
965,1229,964,1,2
966,1229,965,1,2
967,1229,966,1,2
968,1229,967,1,2
969,1229,968,1,2
970,1229,969,1,2
971,1229,970,1,2
972,1229,971,1,2
973,1229,972,1,2
974,1229,973,1,2
975,1229,974,1,2
976,1229,977,2,1
977,1229,978,2,1
978,1229,979,2,1
979,1229,980,2,1
980,1229,981,2,1
981,1229,982,2,1
982,1229,983,2,1
983,1229,984,2,1
984,1229,985,2,1
985,1229,952,2,3
986,1229,987,1,1
987,1229,988,2,1
988,1229,989,2,1
989,1229,990,2,1
990,1229,991,2,1
991,1229,992,2,1
992,1229,993,2,1
993,1229,1027,3,0
994,1229,993,1,2
995,1229,994,1,2
996,1229,995,1,2
997,1229,996,1,2
998,1229,997,1,2
999,1194,998,1,2
999,1229,998,1,2
1000,1229,999,1,2
1001,1229,1000,1,2
1002,1229,1001,1,2
1003,1229,1002,1,2
1004,1229,1003,1,2
1005,1229,1004,1,2
1006,1229,1005,1,2
1007,1229,1006,1,2
1008,1229,1007,1,2
1009,1229,1008,1,2
1010,1229,1011,2,1
1011,1229,1012,2,1
1012,1229,1013,2,1
1013,1229,1014,2,1
1014,1229,1015,2,1
1015,1229,1016,2,1
1016,1229,1017,2,1
1017,1229,1018,2,1
1018,1229,1019,2,1
1019,1229,986,2,3
1020,1229,1021,1,1
1021,1229,1022,2,1
1022,1229,1023,2,1
1023,1229,1024,2,1
1024,1229,1025,2,1
1025,1229,1026,2,1
1026,1229,1027,2,1
1027,1229,1061,3,0
1028,1229,1027,1,2
1029,1229,1028,1,2
1030,1229,1029,1,2
1031,1229,1030,1,2
1032,1229,1031,1,2
1033,1229,1032,1,2
1034,1229,1033,1,2
1035,1229,1034,1,2
1036,1229,1035,1,2
1037,1229,1036,1,2
1038,1229,1037,1,2
1039,1229,1038,1,2
1040,1229,1039,1,2
1041,1229,1040,1,2
1042,1229,1041,1,2
1043,1229,1042,1,2
1044,1229,1045,2,1
1045,1229,1046,2,1
1046,1229,1047,2,1
1047,1229,1048,2,1
1048,1229,1049,2,1
1049,1229,1050,2,1
1050,1229,1051,2,1
1051,1229,1052,2,1
1052,1229,1053,2,1
1053,1229,1020,2,3
1054,1229,1055,1,1
1055,1229,1056,2,1
1056,1229,1057,2,1
1057,1229,1058,2,1
1058,1229,1059,2,1
1059,1229,1060,2,1
1060,1229,1061,2,1
1061,1229,1095,3,0
1062,1229,1061,1,2
1063,1229,1062,1,2
1064,1229,1063,1,2
1065,1229,1064,1,2
1066,1229,1065,1,2
1067,1229,1066,1,2
1068,1229,1067,1,2
1069,1229,1068,1,2
1070,1229,1069,1,2
1071,1229,1070,1,2
1072,1229,1071,1,2
1073,1229,1072,1,2
1074,1229,1073,1,2
1075,1229,1074,1,2
1076,1229,1075,1,2
1077,1229,1076,1,2
1078,1229,1079,2,1
1079,1229,1080,2,1
1080,1229,1081,2,1
1081,1229,1082,2,1
1082,1229,1083,2,1
1083,1229,1084,2,1
1084,1229,1085,2,1
1085,1229,1086,2,1
1086,1229,1087,2,1
1087,1229,1054,2,3
1088,1229,1089,1,1
1089,1229,1090,2,1
1090,1229,1091,2,1
1091,1229,1092,2,1
1092,1229,1093,2,1
1093,1229,1094,2,1
1094,1229,1095,2,1
1095,1229,1129,3,0
1096,1229,1095,1,2
1097,1229,1096,1,2
1098,1229,1097,1,2
1099,1229,1098,1,2
1100,1229,1099,1,2
1101,1229,1100,1,2
1102,1229,1101,1,2
1103,1229,1102,1,2
1104,1229,1103,1,2
1105,1229,1104,1,2
1106,1229,1105,1,2
1107,1229,1106,1,2
1108,1229,1107,1,2
1109,1229,1108,1,2
1110,1229,1109,1,2
1111,1229,1110,1,2
1112,1229,1113,2,1
1113,1229,1114,2,1
1114,1229,1115,2,1
1115,1229,1116,2,1
1116,1229,1117,2,1
1117,1229,1118,2,1
1118,1229,1119,2,1
1119,1229,1120,2,1
1120,1229,1121,2,1
1121,1229,1088,2,3
1122,1229,1123,1,1
1123,1229,1124,2,1
1124,1229,1125,2,1
1125,1229,1126,2,1
1126,1229,1127,2,1
1127,1229,1128,2,1
1128,1229,1129,2,1
1129,1229,7,3,3
1130,1229,1129,1,2
1131,1229,1130,1,2
1132,1229,1131,1,2
1133,1229,1132,1,2
1134,1229,1133,1,2
1135,1229,1134,1,2
1136,1229,1135,1,2
1137,1229,1136,1,2
1138,1229,1137,1,2
1139,1229,1138,1,2
1140,1229,1139,1,2
1141,1229,1140,1,2
1142,1229,1141,1,2
1143,1229,1142,1,2
1144,1229,1143,1,2
1145,1229,1144,1,2
1146,1229,1147,2,1
1147,1229,1148,2,1
1148,1229,1149,2,1
1149,1229,1150,2,1
1150,1229,1151,2,1
1151,1229,1152,2,1
1152,1229,1153,2,1
1153,1229,1154,2,1
1154,1229,1155,2,1
1155,1229,1122,2,3
1156,1229,317,0,4
1157,1229,113,0,4
1158,1229,249,0,4
1159,1229,235,0,4
1160,1229,47,0,4
1161,1229,1123,0,4
1162,1229,248,0,4
1163,1229,316,0,4
1164,1229,1133,0,4
1165,1229,1126,0,4
1166,1229,114,0,4
1167,1229,46,0,4
1168,1229,233,0,4
1169,1229,114,0,4
1170,1229,210,0,4
1171,1229,182,0,4
1172,1229,306,0,4
1173,1229,183,0,4
1174,1229,235,0,4
1175,1229,182,0,4
1176,1229,1023,0,4
1177,1229,144,0,4
1178,1229,407,0,4
1179,1229,248,0,4
1180,1229,142,0,4
1181,1229,182,0,4
1182,1229,118,0,4
1183,1229,142,0,4
1184,1229,47,0,4
1185,1229,134,0,4
1186,1229,48,0,4
1187,1229,283,0,4
1188,1229,68,0,4
1189,1229,316,0,4
1190,1229,506,0,4
1191,1229,116,0,4
1192,1229,81,0,4
1193,1229,1058,0,4
1193,1230,1092,0,4
1194,1229,113,0,4
1195,1229,44,0,4
1196,1229,216,0,4
1197,1229,181,0,4
1198,1229,182,0,4
1199,1229,216,0,4
1200,1229,46,0,4
1201,1229,182,0,4
1202,1229,150,0,4
1203,1229,182,0,4
1204,1229,117,0,4
1205,1229,44,0,4
1206,1229,199,0,4
1207,1229,216,0,4
1208,1229,1134,0,4
1209,1229,282,0,4
1210,1229,141,0,4
1211,1229,215,0,4
1212,1229,1093,0,4
1213,1229,2,0,4
1214,1229,47,0,4
1215,1229,235,0,4
1216,1229,1091,0,4
1217,1229,47,0,4
1218,1229,1091,0,4
1219,1229,117,0,4
1220,1229,1126,0,4
1221,1229,283,0,4
1222,1229,406,0,4
1223,1229,216,0,4
1224,1229,315,0,4
1225,1229,142,0,4
1226,1229,1125,0,4
1227,1229,1067,0,4
1228,1229,1036,0,4
1229,1156,143,0,4
1229,1157,143,0,4
1229,1158,143,0,4
1229,1159,143,0,4
1229,1160,143,0,4
1229,1161,143,0,4
1229,1162,143,0,4
1229,1163,143,0,4
1229,1164,143,0,4
1229,1165,143,0,4
1229,1166,143,0,4
1229,1167,143,0,4
1229,1168,143,0,4
1229,1169,143,0,4
1229,1170,143,0,4
1229,1171,143,0,4
1229,1172,143,0,4
1229,1173,143,0,4
1229,1174,143,0,4
1229,1175,143,0,4
1229,1176,143,0,4
1229,1177,143,0,4
1229,1178,143,0,4
1229,1179,143,0,4
1229,1180,143,0,4
1229,1181,143,0,4
1229,1182,143,0,4
1229,1183,143,0,4
1229,1184,143,0,4
1229,1185,143,0,4
1229,1186,143,0,4
1229,1187,143,0,4
1229,1188,143,0,4
1229,1189,143,0,4
1229,1190,143,0,4
1229,1191,143,0,4
1229,1192,143,0,4
1229,1193,143,0,4
1229,1194,143,0,4
1229,1195,143,0,4
1229,1196,143,0,4
1229,1197,143,0,4
1229,1198,143,0,4
1229,1199,143,0,4
1229,1200,143,0,4
1229,1201,143,0,4
1229,1202,143,0,4
1229,1203,143,0,4
1229,1204,143,0,4
1229,1205,143,0,4
1229,1206,143,0,4
1229,1207,143,0,4
1229,1208,143,0,4
1229,1209,143,0,4
1229,1210,143,0,4
1229,1211,143,0,4
1229,1212,143,0,4
1229,1213,143,0,4
1229,1214,143,0,4
1229,1215,143,0,4
1229,1216,143,0,4
1229,1217,143,0,4
1229,1218,143,0,4
1229,1219,143,0,4
1229,1220,143,0,4
1229,1221,143,0,4
1229,1222,143,0,4
1229,1223,143,0,4
1229,1224,143,0,4
1229,1225,143,0,4
1229,1226,143,0,4
1229,1227,143,0,4
1229,1228,143,0,4
1229,1230,143,0,4
1229,1231,143,0,4
1229,1232,143,0,4
1229,1233,143,0,4
1229,1234,143,0,4
1229,1235,143,0,4
1229,1236,143,0,4
1229,1237,143,0,4
1229,1238,143,0,4
1229,1239,143,0,4
1229,1240,143,0,4
1229,1241,143,0,4
1229,1242,143,0,4
1229,1243,143,0,4
1229,1244,143,0,4
1229,1245,143,0,4
1229,1246,143,0,4
1229,1247,143,0,4
1229,1248,143,0,4
1229,1249,143,0,4
1229,1250,143,0,4
1229,1251,143,0,4
1229,1252,143,0,4
1229,1253,143,0,4
1229,1254,143,0,4
1229,1255,143,0,4
1230,1193,1092,0,4
1230,1229,1126,0,4
1231,1229,272,0,4
1232,1229,1090,0,4
1233,1229,115,0,4
1234,1229,1133,0,4
1235,1229,43,0,4
1236,1229,112,0,4
1237,1229,249,0,4
1238,1229,114,0,4
1239,1229,1091,0,4
1240,1229,156,0,4
1241,1229,282,0,4
1242,1229,216,0,4
1243,1229,248,0,4
1244,1229,1126,0,4
1245,1229,122,0,4
1246,1229,236,0,4
1247,1229,1134,0,4
1248,1229,1024,0,4
1249,1229,248,0,4
1250,1229,993,0,4
1251,1229,183,0,4
1252,1229,1069,0,4
1253,1229,68,0,4
1254,1229,237,0,4
1255,1229,149,0,4
